sam
7
Deck
Steering
Flag
Cannons
A way to board other ships
Treasure Room
Fighting mechanism
The Pearl
2
Welcome!
1/10/2025 14:1
This is your design notebook, where you'll record each step in your design process. Access this notebook from any step in the design process and make your own entries!
Your New Pearl
1/10/2025 13:48
The pearl is a classic pirate ship, focusing mostly on playing offense on the seas.⏎As a pearl, your ship will be designed to pillage and raid.⏎Your pearl must include:⏎  ‣   At least three cannons⏎  ‣   A way to board other ships⏎  ‣   A treasure room for stolen goodies⏎  ‣   Your own creative design for fighting other pirate ships
7
0
41
564
340
219
143
81
20
568
340
219
143
81
20
571
340
219
143
81
20
573
340
219
143
81
20
575
340
219
143
81
20
576
339
219
143
81
20
577
339
219
143
81
20
579
329
219
143
81
20
580
326
219
143
81
20
580
325
219
143
81
20
579
323
219
143
81
20
578
321
219
143
81
20
577
320
219
143
81
20
575
319
219
143
81
20
565
317
219
143
81
20
557
317
219
143
81
20
551
317
219
143
81
20
544
318
219
143
81
20
535
323
219
143
81
20
526
328
219
143
81
20
519
335
219
143
81
20
513
343
219
143
81
20
512
349
219
143
81
20
511
356
219
143
81
20
511
360
219
143
81
20
511
363
219
143
81
20
511
367
219
143
81
20
517
374
219
143
81
20
525
380
219
143
81
20
534
383
219
143
81
20
543
385
219
143
81
20
552
387
219
143
81
20
561
388
219
143
81
20
570
389
219
143
81
20
582
390
219
143
81
20
591
390
219
143
81
20
601
390
219
143
81
20
608
389
219
143
81
20
615
382
219
143
81
20
619
373
219
143
81
20
621
363
219
143
81
20
14
550
282
235
212
91
20
550
290
235
212
91
20
550
300
235
212
91
20
550
310
235
212
91
20
550
321
235
212
91
20
550
332
235
212
91
20
550
341
235
212
91
20
551
349
235
212
91
20
552
355
235
212
91
20
555
364
235
212
91
20
563
370
235
212
91
20
567
370
235
212
91
20
571
370
235
212
91
20
575
370
235
212
91
20
16
556
245
98
139
98
20
558
254
98
139
98
20
559
267
98
139
98
20
559
279
98
139
98
20
559
291
98
139
98
20
560
302
98
139
98
20
561
314
98
139
98
20
562
323
98
139
98
20
563
332
98
139
98
20
564
341
98
139
98
20
566
350
98
139
98
20
570
358
98
139
98
20
571
361
98
139
98
20
572
361
98
139
98
20
576
362
98
139
98
20
580
362
98
139
98
20
38
551
298
59
144
171
20
543
305
59
144
171
20
537
313
59
144
171
20
533
322
59
144
171
20
531
331
59
144
171
20
531
340
59
144
171
20
531
342
59
144
171
20
531
345
59
144
171
20
537
353
59
144
171
20
544
359
59
144
171
20
549
360
59
144
171
20
552
361
59
144
171
20
555
361
59
144
171
20
558
361
59
144
171
20
562
361
59
144
171
20
564
361
59
144
171
20
567
361
59
144
171
20
569
360
59
144
171
20
570
359
59
144
171
20
575
350
59
144
171
20
579
340
59
144
171
20
582
330
59
144
171
20
584
320
59
144
171
20
585
314
59
144
171
20
585
311
59
144
171
20
585
308
59
144
171
20
585
305
59
144
171
20
584
302
59
144
171
20
583
299
59
144
171
20
576
291
59
144
171
20
575
291
59
144
171
20
574
290
59
144
171
20
573
290
59
144
171
20
570
290
59
144
171
20
569
290
59
144
171
20
566
290
59
144
171
20
563
290
59
144
171
20
560
290
59
144
171
20
145
340
281
122
48
116
20
341
286
122
48
116
20
344
295
122
48
116
20
346
304
122
48
116
20
348
313
122
48
116
20
351
322
122
48
116
20
354
331
122
48
116
20
357
340
122
48
116
20
359
349
122
48
116
20
361
358
122
48
116
20
362
367
122
48
116
20
364
376
122
48
116
20
365
378
122
48
116
20
366
378
122
48
116
20
368
368
122
48
116
20
371
358
122
48
116
20
375
348
122
48
116
20
379
339
122
48
116
20
384
330
122
48
116
20
389
321
122
48
116
20
390
318
122
48
116
20
391
317
122
48
116
20
395
325
122
48
116
20
399
333
122
48
116
20
402
342
122
48
116
20
406
350
122
48
116
20
410
358
122
48
116
20
415
366
122
48
116
20
424
367
122
48
116
20
430
359
122
48
116
20
434
349
122
48
116
20
438
340
122
48
116
20
442
330
122
48
116
20
445
320
122
48
116
20
448
310
122
48
116
20
452
301
122
48
116
20
455
291
122
48
116
20
456
287
122
48
116
20
483
307
122
48
116
20
478
315
122
48
116
20
475
324
122
48
116
20
472
333
122
48
116
20
471
341
122
48
116
20
471
345
122
48
116
20
471
349
122
48
116
20
471
352
122
48
116
20
471
355
122
48
116
20
472
359
122
48
116
20
477
367
122
48
116
20
485
372
122
48
116
20
494
373
122
48
116
20
503
374
122
48
116
20
514
375
122
48
116
20
519
366
122
48
116
20
520
356
122
48
116
20
521
346
122
48
116
20
522
335
122
48
116
20
522
327
122
48
116
20
522
320
122
48
116
20
522
313
122
48
116
20
518
303
122
48
116
20
513
294
122
48
116
20
512
293
122
48
116
20
511
292
122
48
116
20
510
292
122
48
116
20
508
292
122
48
116
20
507
293
122
48
116
20
506
294
122
48
116
20
505
295
122
48
116
20
504
297
122
48
116
20
503
299
122
48
116
20
574
305
122
48
116
20
573
315
122
48
116
20
572
323
122
48
116
20
571
331
122
48
116
20
571
337
122
48
116
20
571
342
122
48
116
20
571
346
122
48
116
20
571
349
122
48
116
20
571
350
122
48
116
20
571
345
122
48
116
20
572
340
122
48
116
20
574
330
122
48
116
20
578
321
122
48
116
20
583
312
122
48
116
20
592
310
122
48
116
20
595
311
122
48
116
20
648
248
122
48
116
20
650
257
122
48
116
20
652
266
122
48
116
20
654
275
122
48
116
20
656
284
122
48
116
20
657
293
122
48
116
20
657
302
122
48
116
20
657
311
122
48
116
20
660
320
122
48
116
20
661
329
122
48
116
20
662
338
122
48
116
20
777
303
122
48
116
20
775
303
122
48
116
20
773
303
122
48
116
20
771
303
122
48
116
20
769
303
122
48
116
20
761
309
122
48
116
20
754
316
122
48
116
20
749
324
122
48
116
20
745
333
122
48
116
20
742
342
122
48
116
20
740
351
122
48
116
20
740
359
122
48
116
20
740
364
122
48
116
20
740
368
122
48
116
20
741
370
122
48
116
20
741
371
122
48
116
20
742
372
122
48
116
20
743
372
122
48
116
20
747
363
122
48
116
20
751
353
122
48
116
20
754
343
122
48
116
20
757
333
122
48
116
20
761
323
122
48
116
20
764
313
122
48
116
20
766
303
122
48
116
20
767
293
122
48
116
20
769
283
122
48
116
20
770
275
122
48
116
20
770
272
122
48
116
20
770
270
122
48
116
20
770
268
122
48
116
20
770
267
122
48
116
20
770
275
122
48
116
20
771
295
122
48
116
20
772
304
122
48
116
20
773
313
122
48
116
20
774
322
122
48
116
20
775
331
122
48
116
20
776
340
122
48
116
20
777
349
122
48
116
20
780
358
122
48
116
20
783
367
122
48
116
20
785
376
122
48
116
20
787
385
122
48
116
20
791
394
122
48
116
20
795
403
122
48
116
20
552
78
0
0
0
20
131
656
308
130
19
19
10
656
306
130
19
19
10
656
305
130
19
19
10
656
302
130
19
19
10
655
300
130
19
19
10
655
298
130
19
19
10
654
295
130
19
19
10
652
293
130
19
19
10
651
291
130
19
19
10
649
289
130
19
19
10
647
287
130
19
19
10
645
285
130
19
19
10
643
283
130
19
19
10
642
282
130
19
19
10
641
281
130
19
19
10
638
279
130
19
19
10
636
279
130
19
19
10
635
279
130
19
19
10
632
278
130
19
19
10
630
277
130
19
19
10
628
277
130
19
19
10
625
277
130
19
19
10
623
277
130
19
19
10
621
277
130
19
19
10
619
277
130
19
19
10
617
277
130
19
19
10
615
277
130
19
19
10
612
277
130
19
19
10
610
277
130
19
19
10
608
277
130
19
19
10
606
278
130
19
19
10
604
279
130
19
19
10
602
281
130
19
19
10
601
281
130
19
19
10
599
283
130
19
19
10
598
284
130
19
19
10
597
286
130
19
19
10
595
287
130
19
19
10
594
288
130
19
19
10
593
290
130
19
19
10
592
291
130
19
19
10
592
293
130
19
19
10
591
296
130
19
19
10
590
298
130
19
19
10
590
300
130
19
19
10
589
303
130
19
19
10
589
304
130
19
19
10
589
306
130
19
19
10
589
309
130
19
19
10
589
312
130
19
19
10
589
316
130
19
19
10
589
318
130
19
19
10
591
321
130
19
19
10
592
324
130
19
19
10
594
326
130
19
19
10
600
334
130
19
19
10
607
340
130
19
19
10
614
346
130
19
19
10
621
352
130
19
19
10
628
358
130
19
19
10
636
362
130
19
19
10
644
366
130
19
19
10
653
370
130
19
19
10
657
372
130
19
19
10
659
372
130
19
19
10
661
373
130
19
19
10
662
374
130
19
19
10
663
374
130
19
19
10
664
374
130
19
19
10
661
309
130
19
19
10
663
308
130
19
19
10
664
306
130
19
19
10
665
305
130
19
19
10
667
304
130
19
19
10
668
302
130
19
19
10
670
301
130
19
19
10
671
299
130
19
19
10
672
299
130
19
19
10
672
298
130
19
19
10
674
297
130
19
19
10
675
297
130
19
19
10
677
296
130
19
19
10
679
296
130
19
19
10
682
296
130
19
19
10
685
297
130
19
19
10
687
297
130
19
19
10
689
298
130
19
19
10
691
300
130
19
19
10
692
300
130
19
19
10
693
301
130
19
19
10
694
301
130
19
19
10
694
302
130
19
19
10
695
303
130
19
19
10
696
306
130
19
19
10
696
308
130
19
19
10
698
311
130
19
19
10
699
314
130
19
19
10
699
315
130
19
19
10
699
317
130
19
19
10
700
319
130
19
19
10
700
320
130
19
19
10
701
322
130
19
19
10
701
324
130
19
19
10
701
326
130
19
19
10
701
327
130
19
19
10
701
330
130
19
19
10
701
332
130
19
19
10
701
333
130
19
19
10
701
336
130
19
19
10
701
337
130
19
19
10
700
339
130
19
19
10
700
340
130
19
19
10
698
342
130
19
19
10
696
344
130
19
19
10
694
346
130
19
19
10
693
347
130
19
19
10
685
353
130
19
19
10
677
359
130
19
19
10
669
365
130
19
19
10
667
367
130
19
19
10
665
369
130
19
19
10
662
370
130
19
19
10
661
372
130
19
19
10
659
372
130
19
19
10
658
374
130
19
19
10
656
374
130
19
19
10
656
375
130
19
19
10
655
376
130
19
19
10
653
377
130
19
19
10
653
378
130
19
19
10
652
378
130
19
19
10
