Input Ship Nacvzbn
7
Deck
Steering
Flag
Trap #1
Trap #2
Protective Layer
Scary Flag
The Ghoul
2
Welcome!
3/6/2025 1:11PM
This is your design notebook, where you'll record each step in your design process. Access this notebook from any step in the design process and make your own entries!
Your New Ghoul
3/6/2025 12:42PM
The Ghoul is a defensive ship filled with ghostly inhabitants.⏎As a Ghoul, your ship will be designed to fend off invaders and protect treasure.⏎Your Ghoul must include:⏎  ‣   At least two traps⏎  ‣   A protective layer for the ship’s deck⏎  ‣   A scary flag of your own design to intimidate invaders
7
1079
7
578 372 0 0 0 20
578 373 0 0 0 20
578 375 0 0 0 20
577 376 0 0 0 20
577 379 0 0 0 20
576 382 0 0 0 20
575 385 0 0 0 20
574 387 0 0 0 20
574 391 0 0 0 20
573 393 0 0 0 20
572 396 0 0 0 20
571 399 0 0 0 20
571 402 0 0 0 20
570 404 0 0 0 20
570 406 0 0 0 20
569 409 0 0 0 20
569 410 0 0 0 20
569 412 0 0 0 20
569 413 0 0 0 20
568 415 0 0 0 20
568 417 0 0 0 20
568 419 0 0 0 20
568 420 0 0 0 20
568 422 0 0 0 20
567 424 0 0 0 20
567 426 0 0 0 20
567 428 0 0 0 20
566 429 0 0 0 20
566 431 0 0 0 20
566 433 0 0 0 20
566 435 0 0 0 20
566 437 0 0 0 20
566 438 0 0 0 20
566 441 0 0 0 20
566 444 0 0 0 20
566 446 0 0 0 20
566 447 0 0 0 20
566 449 0 0 0 20
566 450 0 0 0 20
566 452 0 0 0 20
566 454 0 0 0 20
566 457 0 0 0 20
566 459 0 0 0 20
566 461 0 0 0 20
566 463 0 0 0 20
566 465 0 0 0 20
566 467 0 0 0 20
566 469 0 0 0 20
566 470 0 0 0 20
566 471 0 0 0 20
566 474 0 0 0 20
566 476 0 0 0 20
567 478 0 0 0 20
568 480 0 0 0 20
568 483 0 0 0 20
571 492 0 0 0 20
576 500 0 0 0 20
582 507 0 0 0 20
588 514 0 0 0 20
594 522 0 0 0 20
600 529 0 0 0 20
608 533 0 0 0 20
615 539 0 0 0 20
623 544 0 0 0 20
631 549 0 0 0 20
640 553 0 0 0 20
649 556 0 0 0 20
658 558 0 0 0 20
667 561 0 0 0 20
676 563 0 0 0 20
685 566 0 0 0 20
694 568 0 0 0 20
703 570 0 0 0 20
712 572 0 0 0 20
721 574 0 0 0 20
730 576 0 0 0 20
739 577 0 0 0 20
748 579 0 0 0 20
757 581 0 0 0 20
766 582 0 0 0 20
769 583 0 0 0 20
772 583 0 0 0 20
775 583 0 0 0 20
779 583 0 0 0 20
782 583 0 0 0 20
786 583 0 0 0 20
788 583 0 0 0 20
790 583 0 0 0 20
792 583 0 0 0 20
795 582 0 0 0 20
798 582 0 0 0 20
802 582 0 0 0 20
807 581 0 0 0 20
812 580 0 0 0 20
821 577 0 0 0 20
830 574 0 0 0 20
839 570 0 0 0 20
848 566 0 0 0 20
857 562 0 0 0 20
865 556 0 0 0 20
874 551 0 0 0 20
882 546 0 0 0 20
889 539 0 0 0 20
897 533 0 0 0 20
904 526 0 0 0 20
911 518 0 0 0 20
916 509 0 0 0 20
921 500 0 0 0 20
924 490 0 0 0 20
929 481 0 0 0 20
933 471 0 0 0 20
934 467 0 0 0 20
935 463 0 0 0 20
935 459 0 0 0 20
938 449 0 0 0 20
941 439 0 0 0 20
944 429 0 0 0 20
945 426 0 0 0 20
946 423 0 0 0 20
950 413 0 0 0 20
952 403 0 0 0 20
953 400 0 0 0 20
953 398 0 0 0 20
953 397 0 0 0 20
953 396 0 0 0 20
953 393 0 0 0 20
953 392 0 0 0 20
953 389 0 0 0 20
953 387 0 0 0 20
953 386 0 0 0 20
953 384 0 0 0 20
953 383 0 0 0 20
953 380 0 0 0 20
953 378 0 0 0 20
953 377 0 0 0 20
953 375 0 0 0 20
953 374 0 0 0 20
953 372 0 0 0 20
953 371 0 0 0 20
953 370 0 0 0 20
953 369 0 0 0 20
948 369 0 0 0 20
940 369 0 0 0 20
932 369 0 0 0 20
925 369 0 0 0 20
918 369 0 0 0 20
913 369 0 0 0 20
910 369 0 0 0 20
908 369 0 0 0 20
907 369 0 0 0 20
906 368 0 0 0 20
905 368 0 0 0 20
904 368 0 0 0 20
901 368 0 0 0 20
898 368 0 0 0 20
895 368 0 0 0 20
893 368 0 0 0 20
889 368 0 0 0 20
887 368 0 0 0 20
885 368 0 0 0 20
884 368 0 0 0 20
883 368 0 0 0 20
880 368 0 0 0 20
878 368 0 0 0 20
875 368 0 0 0 20
872 368 0 0 0 20
869 368 0 0 0 20
864 368 0 0 0 20
860 368 0 0 0 20
855 368 0 0 0 20
851 368 0 0 0 20
846 368 0 0 0 20
843 368 0 0 0 20
839 369 0 0 0 20
836 369 0 0 0 20
832 369 0 0 0 20
828 369 0 0 0 20
825 369 0 0 0 20
822 369 0 0 0 20
819 369 0 0 0 20
816 369 0 0 0 20
814 369 0 0 0 20
811 369 0 0 0 20
808 369 0 0 0 20
805 369 0 0 0 20
802 370 0 0 0 20
798 370 0 0 0 20
774 372 0 0 0 20
764 374 0 0 0 20
754 376 0 0 0 20
747 377 0 0 0 20
742 378 0 0 0 20
737 379 0 0 0 20
733 379 0 0 0 20
728 379 0 0 0 20
724 380 0 0 0 20
718 381 0 0 0 20
714 381 0 0 0 20
709 382 0 0 0 20
704 383 0 0 0 20
701 384 0 0 0 20
697 384 0 0 0 20
694 384 0 0 0 20
691 384 0 0 0 20
688 384 0 0 0 20
684 384 0 0 0 20
680 384 0 0 0 20
676 384 0 0 0 20
673 384 0 0 0 20
670 384 0 0 0 20
668 384 0 0 0 20
666 384 0 0 0 20
664 384 0 0 0 20
663 384 0 0 0 20
661 384 0 0 0 20
660 384 0 0 0 20
659 384 0 0 0 20
656 384 0 0 0 20
655 384 0 0 0 20
652 384 0 0 0 20
650 384 0 0 0 20
648 384 0 0 0 20
646 384 0 0 0 20
644 384 0 0 0 20
643 384 0 0 0 20
641 384 0 0 0 20
640 384 0 0 0 20
639 384 0 0 0 20
637 384 0 0 0 20
635 384 0 0 0 20
633 384 0 0 0 20
632 384 0 0 0 20
630 384 0 0 0 20
628 384 0 0 0 20
626 384 0 0 0 20
624 384 0 0 0 20
623 384 0 0 0 20
621 384 0 0 0 20
617 384 0 0 0 20
616 384 0 0 0 20
613 384 0 0 0 20
611 384 0 0 0 20
609 384 0 0 0 20
607 384 0 0 0 20
604 384 0 0 0 20
602 384 0 0 0 20
600 384 0 0 0 20
598 384 0 0 0 20
596 384 0 0 0 20
593 384 0 0 0 20
592 384 0 0 0 20
591 384 0 0 0 20
590 384 0 0 0 20
588 384 0 0 0 20
587 384 0 0 0 20
586 384 0 0 0 20
584 384 0 0 0 20
582 384 0 0 0 20
581 384 0 0 0 20
580 384 0 0 0 20
579 384 0 0 0 20
578 384 0 0 0 20
577 384 0 0 0 20
771 375 0 0 0 20
771 373 0 0 0 20
772 372 0 0 0 20
682 564 219 143 81 20
684 564 219 143 81 20
686 564 219 143 81 20
688 564 219 143 81 20
691 564 219 143 81 20
695 564 219 143 81 20
699 564 219 143 81 20
701 564 219 143 81 20
704 564 219 143 81 20
708 564 219 143 81 20
711 564 219 143 81 20
714 564 219 143 81 20
718 564 219 143 81 20
720 564 219 143 81 20
723 564 219 143 81 20
725 564 219 143 81 20
728 564 219 143 81 20
740 565 219 143 81 20
742 565 219 143 81 20
743 565 219 143 81 20
746 565 219 143 81 20
747 565 219 143 81 20
748 565 219 143 81 20
749 565 219 143 81 20
752 565 219 143 81 20
754 565 219 143 81 20
755 565 219 143 81 20
758 565 219 143 81 20
760 565 219 143 81 20
770 563 219 143 81 20
772 563 219 143 81 20
775 563 219 143 81 20
778 562 219 143 81 20
781 562 219 143 81 20
784 562 219 143 81 20
787 561 219 143 81 20
790 560 219 143 81 20
791 560 219 143 81 20
792 560 219 143 81 20
794 559 219 143 81 20
795 559 219 143 81 20
797 558 219 143 81 20
798 558 219 143 81 20
799 558 219 143 81 20
801 557 219 143 81 20
803 557 219 143 81 20
805 557 219 143 81 20
806 556 219 143 81 20
809 556 219 143 81 20
811 556 219 143 81 20
812 556 219 143 81 20
813 556 219 143 81 20
815 555 219 143 81 20
816 555 219 143 81 20
817 555 219 143 81 20
818 555 219 143 81 20
819 555 219 143 81 20
820 554 219 143 81 20
821 554 219 143 81 20
822 554 219 143 81 20
823 554 219 143 81 20
825 554 219 143 81 20
826 554 219 143 81 20
827 554 219 143 81 20
828 554 219 143 81 20
830 554 219 143 81 20
833 554 219 143 81 20
835 554 219 143 81 20
839 554 219 143 81 20
843 554 219 143 81 20
847 554 219 143 81 20
851 554 219 143 81 20
855 554 219 143 81 20
858 554 219 143 81 20
862 554 219 143 81 20
864 554 219 143 81 20
867 554 219 143 81 20
868 553 219 143 81 20
869 553 219 143 81 20
870 553 219 143 81 20
871 552 219 143 81 20
896 527 219 143 81 20
894 527 219 143 81 20
893 527 219 143 81 20
891 527 219 143 81 20
888 527 219 143 81 20
885 527 219 143 81 20
882 527 219 143 81 20
872 529 219 143 81 20
868 530 219 143 81 20
866 531 219 143 81 20
863 531 219 143 81 20
862 531 219 143 81 20
860 531 219 143 81 20
858 531 219 143 81 20
856 531 219 143 81 20
854 531 219 143 81 20
852 531 219 143 81 20
850 531 219 143 81 20
848 531 219 143 81 20
846 531 219 143 81 20
844 531 219 143 81 20
842 531 219 143 81 20
840 531 219 143 81 20
838 531 219 143 81 20
834 531 219 143 81 20
832 531 219 143 81 20
829 531 219 143 81 20
826 531 219 143 81 20
822 531 219 143 81 20
820 531 219 143 81 20
817 531 219 143 81 20
814 531 219 143 81 20
812 531 219 143 81 20
810 531 219 143 81 20
807 531 219 143 81 20
803 531 219 143 81 20
800 531 219 143 81 20
796 531 219 143 81 20
791 531 219 143 81 20
788 531 219 143 81 20
784 531 219 143 81 20
781 531 219 143 81 20
779 531 219 143 81 20
776 531 219 143 81 20
773 531 219 143 81 20
769 531 219 143 81 20
727 532 219 143 81 20
724 532 219 143 81 20
722 532 219 143 81 20
719 532 219 143 81 20
716 532 219 143 81 20
715 532 219 143 81 20
713 532 219 143 81 20
712 532 219 143 81 20
709 532 219 143 81 20
707 532 219 143 81 20
704 532 219 143 81 20
702 532 219 143 81 20
700 532 219 143 81 20
698 532 219 143 81 20
697 532 219 143 81 20
695 532 219 143 81 20
693 532 219 143 81 20
691 533 219 143 81 20
689 533 219 143 81 20
688 533 219 143 81 20
687 533 219 143 81 20
686 533 219 143 81 20
685 533 219 143 81 20
684 533 219 143 81 20
683 534 219 143 81 20
682 534 219 143 81 20
680 534 219 143 81 20
678 535 219 143 81 20
676 535 219 143 81 20
674 536 219 143 81 20
673 536 219 143 81 20
672 537 219 143 81 20
671 537 219 143 81 20
670 537 219 143 81 20
668 537 219 143 81 20
667 537 219 143 81 20
666 538 219 143 81 20
665 538 219 143 81 20
664 538 219 143 81 20
663 538 219 143 81 20
661 538 219 143 81 20
660 539 219 143 81 20
659 539 219 143 81 20
658 539 219 143 81 20
657 539 219 143 81 20
656 539 219 143 81 20
655 539 219 143 81 20
654 539 219 143 81 20
653 539 219 143 81 20
652 539 219 143 81 20
651 539 219 143 81 20
650 539 219 143 81 20
648 539 219 143 81 20
647 539 219 143 81 20
646 540 219 143 81 20
645 540 219 143 81 20
644 540 219 143 81 20
643 540 219 143 81 20
642 540 219 143 81 20
639 540 219 143 81 20
637 540 219 143 81 20
633 540 219 143 81 20
630 540 219 143 81 20
627 540 219 143 81 20
587 503 219 143 81 20
588 503 219 143 81 20
590 503 219 143 81 20
592 503 219 143 81 20
594 503 219 143 81 20
599 503 219 143 81 20
604 503 219 143 81 20
610 503 219 143 81 20
617 503 219 143 81 20
623 503 219 143 81 20
627 503 219 143 81 20
630 503 219 143 81 20
633 503 219 143 81 20
636 503 219 143 81 20
638 503 219 143 81 20
640 503 219 143 81 20
643 503 219 143 81 20
647 503 219 143 81 20
651 503 219 143 81 20
655 503 219 143 81 20
661 503 219 143 81 20
665 503 219 143 81 20
669 503 219 143 81 20
672 503 219 143 81 20
674 503 219 143 81 20
677 503 219 143 81 20
680 503 219 143 81 20
684 503 219 143 81 20
689 503 219 143 81 20
695 503 219 143 81 20
701 503 219 143 81 20
707 503 219 143 81 20
712 503 219 143 81 20
717 502 219 143 81 20
722 501 219 143 81 20
725 501 219 143 81 20
729 501 219 143 81 20
733 500 219 143 81 20
738 500 219 143 81 20
743 500 219 143 81 20
750 500 219 143 81 20
757 500 219 143 81 20
761 500 219 143 81 20
765 499 219 143 81 20
768 498 219 143 81 20
771 498 219 143 81 20
774 498 219 143 81 20
777 497 219 143 81 20
780 497 219 143 81 20
782 497 219 143 81 20
786 496 219 143 81 20
788 496 219 143 81 20
791 495 219 143 81 20
794 495 219 143 81 20
797 494 219 143 81 20
800 494 219 143 81 20
803 494 219 143 81 20
806 494 219 143 81 20
808 494 219 143 81 20
811 494 219 143 81 20
814 493 219 143 81 20
816 492 219 143 81 20
819 492 219 143 81 20
822 491 219 143 81 20
824 491 219 143 81 20
826 491 219 143 81 20
828 491 219 143 81 20
830 490 219 143 81 20
832 490 219 143 81 20
834 489 219 143 81 20
836 488 219 143 81 20
839 488 219 143 81 20
842 487 219 143 81 20
848 486 219 143 81 20
852 486 219 143 81 20
858 485 219 143 81 20
861 484 219 143 81 20
863 484 219 143 81 20
864 484 219 143 81 20
865 484 219 143 81 20
866 484 219 143 81 20
867 484 219 143 81 20
868 484 219 143 81 20
869 484 219 143 81 20
872 484 219 143 81 20
873 484 219 143 81 20
874 484 219 143 81 20
875 484 219 143 81 20
876 484 219 143 81 20
878 484 219 143 81 20
879 484 219 143 81 20
880 484 219 143 81 20
881 484 219 143 81 20
882 484 219 143 81 20
883 484 219 143 81 20
884 484 219 143 81 20
885 484 219 143 81 20
887 484 219 143 81 20
888 484 219 143 81 20
889 484 219 143 81 20
890 484 219 143 81 20
891 484 219 143 81 20
892 484 219 143 81 20
894 484 219 143 81 20
894 485 219 143 81 20
895 485 219 143 81 20
896 486 219 143 81 20
897 486 219 143 81 20
898 486 219 143 81 20
899 486 219 143 81 20
900 486 219 143 81 20
901 486 219 143 81 20
902 486 219 143 81 20
903 487 219 143 81 20
904 487 219 143 81 20
905 487 219 143 81 20
906 487 219 143 81 20
906 488 219 143 81 20
907 488 219 143 81 20
908 488 219 143 81 20
909 488 219 143 81 20
910 488 219 143 81 20
912 488 219 143 81 20
913 488 219 143 81 20
914 487 219 143 81 20
932 453 219 143 81 20
931 453 219 143 81 20
929 453 219 143 81 20
927 453 219 143 81 20
924 453 219 143 81 20
921 453 219 143 81 20
918 453 219 143 81 20
915 453 219 143 81 20
913 453 219 143 81 20
909 453 219 143 81 20
905 453 219 143 81 20
902 454 219 143 81 20
900 454 219 143 81 20
897 455 219 143 81 20
895 455 219 143 81 20
893 455 219 143 81 20
889 456 219 143 81 20
886 457 219 143 81 20
882 457 219 143 81 20
878 457 219 143 81 20
875 457 219 143 81 20
871 458 219 143 81 20
865 459 219 143 81 20
860 460 219 143 81 20
854 461 219 143 81 20
847 461 219 143 81 20
842 461 219 143 81 20
836 461 219 143 81 20
832 461 219 143 81 20
828 461 219 143 81 20
826 461 219 143 81 20
822 461 219 143 81 20
819 461 219 143 81 20
815 461 219 143 81 20
810 461 219 143 81 20
804 461 219 143 81 20
799 461 219 143 81 20
792 461 219 143 81 20
787 461 219 143 81 20
781 461 219 143 81 20
776 461 219 143 81 20
770 461 219 143 81 20
767 461 219 143 81 20
764 461 219 143 81 20
761 461 219 143 81 20
759 461 219 143 81 20
756 461 219 143 81 20
753 461 219 143 81 20
750 461 219 143 81 20
746 461 219 143 81 20
744 461 219 143 81 20
740 461 219 143 81 20
737 461 219 143 81 20
734 461 219 143 81 20
730 461 219 143 81 20
727 461 219 143 81 20
724 461 219 143 81 20
719 461 219 143 81 20
715 461 219 143 81 20
711 461 219 143 81 20
708 461 219 143 81 20
704 461 219 143 81 20
700 461 219 143 81 20
694 461 219 143 81 20
689 461 219 143 81 20
684 461 219 143 81 20
679 461 219 143 81 20
675 461 219 143 81 20
671 461 219 143 81 20
667 461 219 143 81 20
664 461 219 143 81 20
661 461 219 143 81 20
659 461 219 143 81 20
657 461 219 143 81 20
655 461 219 143 81 20
653 461 219 143 81 20
651 461 219 143 81 20
650 461 219 143 81 20
648 461 219 143 81 20
646 461 219 143 81 20
644 461 219 143 81 20
643 461 219 143 81 20
642 461 219 143 81 20
641 461 219 143 81 20
639 461 219 143 81 20
637 461 219 143 81 20
636 461 219 143 81 20
635 461 219 143 81 20
633 461 219 143 81 20
632 461 219 143 81 20
631 461 219 143 81 20
629 461 219 143 81 20
627 461 219 143 81 20
626 461 219 143 81 20
624 461 219 143 81 20
623 461 219 143 81 20
620 461 219 143 81 20
618 461 219 143 81 20
616 461 219 143 81 20
613 461 219 143 81 20
611 461 219 143 81 20
610 461 219 143 81 20
608 461 219 143 81 20
606 462 219 143 81 20
605 462 219 143 81 20
603 462 219 143 81 20
601 462 219 143 81 20
599 462 219 143 81 20
598 462 219 143 81 20
597 462 219 143 81 20
596 463 219 143 81 20
595 463 219 143 81 20
594 463 219 143 81 20
593 463 219 143 81 20
593 464 219 143 81 20
592 464 219 143 81 20
591 464 219 143 81 20
590 464 219 143 81 20
588 464 219 143 81 20
587 464 219 143 81 20
588 437 219 143 81 20
592 437 219 143 81 20
597 436 219 143 81 20
605 436 219 143 81 20
613 436 219 143 81 20
623 436 219 143 81 20
631 436 219 143 81 20
640 436 219 143 81 20
649 436 219 143 81 20
657 436 219 143 81 20
665 436 219 143 81 20
671 436 219 143 81 20
676 436 219 143 81 20
682 436 219 143 81 20
688 436 219 143 81 20
695 436 219 143 81 20
702 436 219 143 81 20
707 436 219 143 81 20
714 436 219 143 81 20
721 436 219 143 81 20
726 436 219 143 81 20
733 436 219 143 81 20
737 436 219 143 81 20
744 436 219 143 81 20
748 436 219 143 81 20
755 436 219 143 81 20
763 436 219 143 81 20
769 436 219 143 81 20
779 435 219 143 81 20
788 434 219 143 81 20
796 433 219 143 81 20
805 432 219 143 81 20
810 431 219 143 81 20
816 431 219 143 81 20
820 430 219 143 81 20
824 429 219 143 81 20
828 429 219 143 81 20
833 429 219 143 81 20
837 428 219 143 81 20
841 427 219 143 81 20
847 426 219 143 81 20
851 425 219 143 81 20
855 425 219 143 81 20
860 425 219 143 81 20
864 424 219 143 81 20
873 421 219 143 81 20
879 421 219 143 81 20
881 420 219 143 81 20
883 420 219 143 81 20
886 420 219 143 81 20
888 420 219 143 81 20
891 419 219 143 81 20
896 419 219 143 81 20
900 418 219 143 81 20
904 417 219 143 81 20
907 417 219 143 81 20
911 416 219 143 81 20
914 416 219 143 81 20
916 416 219 143 81 20
919 416 219 143 81 20
923 416 219 143 81 20
928 415 219 143 81 20
930 415 219 143 81 20
934 414 219 143 81 20
937 414 219 143 81 20
939 414 219 143 81 20
942 414 219 143 81 20
944 414 219 143 81 20
946 414 219 143 81 20
947 413 219 143 81 20
948 413 219 143 81 20
950 413 219 143 81 20
951 413 219 143 81 20
953 413 219 143 81 20
954 413 219 143 81 20
960 393 219 143 81 20
959 393 219 143 81 20
957 393 219 143 81 20
955 393 219 143 81 20
952 393 219 143 81 20
948 393 219 143 81 20
943 393 219 143 81 20
936 393 219 143 81 20
929 393 219 143 81 20
924 393 219 143 81 20
916 393 219 143 81 20
909 393 219 143 81 20
900 393 219 143 81 20
891 393 219 143 81 20
881 393 219 143 81 20
872 393 219 143 81 20
863 393 219 143 81 20
852 393 219 143 81 20
841 393 219 143 81 20
829 393 219 143 81 20
821 393 219 143 81 20
812 393 219 143 81 20
805 393 219 143 81 20
800 393 219 143 81 20
794 393 219 143 81 20
789 393 219 143 81 20
784 393 219 143 81 20
778 392 219 143 81 20
771 391 219 143 81 20
766 391 219 143 81 20
759 391 219 143 81 20
755 391 219 143 81 20
749 391 219 143 81 20
743 391 219 143 81 20
737 391 219 143 81 20
732 391 219 143 81 20
726 391 219 143 81 20
722 391 219 143 81 20
718 391 219 143 81 20
714 391 219 143 81 20
710 391 219 143 81 20
707 391 219 143 81 20
704 391 219 143 81 20
702 391 219 143 81 20
699 391 219 143 81 20
696 391 219 143 81 20
694 391 219 143 81 20
691 391 219 143 81 20
688 391 219 143 81 20
685 392 219 143 81 20
682 392 219 143 81 20
678 393 219 143 81 20
675 393 219 143 81 20
672 393 219 143 81 20
669 394 219 143 81 20
666 394 219 143 81 20
663 395 219 143 81 20
660 396 219 143 81 20
656 397 219 143 81 20
653 398 219 143 81 20
649 399 219 143 81 20
648 400 219 143 81 20
645 401 219 143 81 20
642 402 219 143 81 20
638 403 219 143 81 20
637 403 219 143 81 20
627 404 219 143 81 20
617 406 219 143 81 20
615 407 219 143 81 20
613 407 219 143 81 20
610 407 219 143 81 20
608 407 219 143 81 20
606 407 219 143 81 20
603 407 219 143 81 20
600 407 219 143 81 20
598 407 219 143 81 20
596 408 219 143 81 20
593 408 219 143 81 20
592 408 219 143 81 20
590 408 219 143 81 20
588 408 219 143 81 20
586 409 219 143 81 20
583 409 219 143 81 20
581 409 219 143 81 20
579 410 219 143 81 20
578 410 219 143 81 20
576 410 219 143 81 20
574 410 219 143 81 20
572 410 219 143 81 20
571 410 219 143 81 20
570 410 219 143 81 20
569 410 219 143 81 20
568 410 219 143 81 20
656 397 0 0 0 20
656 401 0 0 0 20
656 405 0 0 0 20
657 411 0 0 0 20
657 419 0 0 0 20
658 427 0 0 0 20
659 438 0 0 0 20
660 446 0 0 0 20
661 454 0 0 0 20
662 462 0 0 0 20
663 469 0 0 0 20
664 476 0 0 0 20
664 483 0 0 0 20
665 492 0 0 0 20
666 501 0 0 0 20
668 510 0 0 0 20
669 519 0 0 0 20
670 525 0 0 0 20
670 530 0 0 0 20
671 536 0 0 0 20
671 540 0 0 0 20
672 546 0 0 0 20
673 550 0 0 0 20
674 554 0 0 0 20
674 559 0 0 0 20
675 562 0 0 0 20
676 563 0 0 0 20
676 565 0 0 0 20
676 566 0 0 0 20
739 382 0 0 0 20
742 391 0 0 0 20
744 400 0 0 0 20
744 409 0 0 0 20
744 418 0 0 0 20
745 427 0 0 0 20
745 436 0 0 0 20
745 445 0 0 0 20
745 454 0 0 0 20
745 463 0 0 0 20
745 472 0 0 0 20
745 481 0 0 0 20
745 490 0 0 0 20
745 499 0 0 0 20
746 508 0 0 0 20
747 517 0 0 0 20
757 571 0 0 0 20
759 580 0 0 0 20
842 386 0 0 0 20
842 392 0 0 0 20
843 395 0 0 0 20
843 403 0 0 0 20
843 415 0 0 0 20
843 427 0 0 0 20
843 441 0 0 0 20
843 457 0 0 0 20
843 469 0 0 0 20
843 485 0 0 0 20
843 500 0 0 0 20
843 514 0 0 0 20
841 523 0 0 0 20
841 537 0 0 0 20
841 547 0 0 0 20
841 556 0 0 0 20
841 565 0 0 0 20
841 574 0 0 0 20
841 580 0 0 0 20
841 585 0 0 0 20
841 587 0 0 0 20
841 590 0 0 0 20
841 591 0 0 0 20
906 400 0 0 0 20
906 409 0 0 0 20
907 421 0 0 0 20
907 434 0 0 0 20
907 447 0 0 0 20
908 460 0 0 0 20
908 470 0 0 0 20
908 479 0 0 0 20
908 487 0 0 0 20
908 494 0 0 0 20
908 501 0 0 0 20
908 506 0 0 0 20
908 512 0 0 0 20
908 517 0 0 0 20
908 520 0 0 0 20
908 522 0 0 0 20
908 525 0 0 0 20
908 528 0 0 0 20
908 530 0 0 0 20
908 533 0 0 0 20
908 536 0 0 0 20
908 540 0 0 0 20
908 541 0 0 0 20
908 542 0 0 0 20
908 543 0 0 0 20
908 544 0 0 0 20
908 545 0 0 0 20
908 546 0 0 0 20
799 379 0 0 0 20
799 383 0 0 0 20
799 387 0 0 0 20
799 392 0 0 0 20
799 396 0 0 0 20
799 400 0 0 0 20
799 405 0 0 0 20
799 409 0 0 0 20
799 412 0 0 0 20
799 415 0 0 0 20
799 418 0 0 0 20
799 422 0 0 0 20
799 425 0 0 0 20
799 427 0 0 0 20
799 430 0 0 0 20
799 433 0 0 0 20
799 436 0 0 0 20
799 441 0 0 0 20
799 445 0 0 0 20
799 447 0 0 0 20
799 448 0 0 0 20
799 451 0 0 0 20
799 452 0 0 0 20
799 455 0 0 0 20
799 456 0 0 0 20
799 458 0 0 0 20
799 460 0 0 0 20
799 463 0 0 0 20
799 466 0 0 0 20
799 468 0 0 0 20
799 470 0 0 0 20
799 472 0 0 0 20
799 473 0 0 0 20
799 474 0 0 0 20
799 477 0 0 0 20
799 478 0 0 0 20
799 480 0 0 0 20
799 481 0 0 0 20
799 483 0 0 0 20
799 485 0 0 0 20
799 487 0 0 0 20
799 489 0 0 0 20
799 490 0 0 0 20
799 492 0 0 0 20
799 494 0 0 0 20
799 496 0 0 0 20
799 500 0 0 0 20
799 502 0 0 0 20
799 506 0 0 0 20
799 509 0 0 0 20
799 512 0 0 0 20
799 514 0 0 0 20
799 517 0 0 0 20
799 520 0 0 0 20
799 522 0 0 0 20
799 525 0 0 0 20
799 527 0 0 0 20
799 529 0 0 0 20
799 531 0 0 0 20
799 532 0 0 0 20
799 534 0 0 0 20
799 535 0 0 0 20
799 536 0 0 0 20
799 537 0 0 0 20
799 538 0 0 0 20
799 539 0 0 0 20
799 540 0 0 0 20
799 541 0 0 0 20
799 542 0 0 0 20
800 543 0 0 0 20
800 544 0 0 0 20
800 545 0 0 0 20
800 546 0 0 0 20
800 548 0 0 0 20
800 549 0 0 0 20
800 550 0 0 0 20
800 551 0 0 0 20
800 552 0 0 0 20
800 553 0 0 0 20
800 555 0 0 0 20
799 560 0 0 0 20
799 563 0 0 0 20
798 564 0 0 0 20
798 567 0 0 0 20
798 568 0 0 0 20
798 569 0 0 0 20
798 570 0 0 0 20
798 571 0 0 0 20
797 572 0 0 0 20
797 573 0 0 0 20
797 574 0 0 0 20
796 576 0 0 0 20
795 577 0 0 0 20
795 578 0 0 0 20
794 578 0 0 0 20
794 579 0 0 0 20
794 580 0 0 0 20
789 374 0 0 0 20
790 374 0 0 0 20
792 374 0 0 0 20
793 374 0 0 0 20
795 374 0 0 0 20
797 374 0 0 0 20
798 374 0 0 0 20
799 374 0 0 0 20
800 374 0 0 0 20
801 374 0 0 0 20
802 374 0 0 0 20
803 374 0 0 0 20
804 374 0 0 0 20
805 374 0 0 0 20
519 454
567
7
599 273 219 143 81 20
600 272 219 143 81 20
601 272 219 143 81 20
602 272 219 143 81 20
603 272 219 143 81 20
604 271 219 143 81 20
605 271 219 143 81 20
606 271 219 143 81 20
607 271 219 143 81 20
608 270 219 143 81 20
609 270 219 143 81 20
610 270 219 143 81 20
611 270 219 143 81 20
612 270 219 143 81 20
613 269 219 143 81 20
614 269 219 143 81 20
615 269 219 143 81 20
616 269 219 143 81 20
617 268 219 143 81 20
618 268 219 143 81 20
619 268 219 143 81 20
620 268 219 143 81 20
621 268 219 143 81 20
622 267 219 143 81 20
623 267 219 143 81 20
624 267 219 143 81 20
625 267 219 143 81 20
626 266 219 143 81 20
627 266 219 143 81 20
628 266 219 143 81 20
629 266 219 143 81 20
630 265 219 143 81 20
631 265 219 143 81 20
632 265 219 143 81 20
633 265 219 143 81 20
634 265 219 143 81 20
635 264 219 143 81 20
636 264 219 143 81 20
637 264 219 143 81 20
638 264 219 143 81 20
639 263 219 143 81 20
640 263 219 143 81 20
641 263 219 143 81 20
642 263 219 143 81 20
643 263 219 143 81 20
644 262 219 143 81 20
645 262 219 143 81 20
646 262 219 143 81 20
647 262 219 143 81 20
648 261 219 143 81 20
649 261 219 143 81 20
650 261 219 143 81 20
651 261 219 143 81 20
652 261 219 143 81 20
653 260 219 143 81 20
654 260 219 143 81 20
655 260 219 143 81 20
656 260 219 143 81 20
657 259 219 143 81 20
658 259 219 143 81 20
659 259 219 143 81 20
660 259 219 143 81 20
661 258 219 143 81 20
662 258 219 143 81 20
663 258 219 143 81 20
664 258 219 143 81 20
665 258 219 143 81 20
666 257 219 143 81 20
667 257 219 143 81 20
668 257 219 143 81 20
669 257 219 143 81 20
670 256 219 143 81 20
671 256 219 143 81 20
672 256 219 143 81 20
673 256 219 143 81 20
674 256 219 143 81 20
675 255 219 143 81 20
676 255 219 143 81 20
677 255 219 143 81 20
678 255 219 143 81 20
679 254 219 143 81 20
680 254 219 143 81 20
681 254 219 143 81 20
682 254 219 143 81 20
683 254 219 143 81 20
684 253 219 143 81 20
685 253 219 143 81 20
686 253 219 143 81 20
687 253 219 143 81 20
688 252 219 143 81 20
689 252 219 143 81 20
690 252 219 143 81 20
691 252 219 143 81 20
692 251 219 143 81 20
693 251 219 143 81 20
694 251 219 143 81 20
695 251 219 143 81 20
696 251 219 143 81 20
697 250 219 143 81 20
698 250 219 143 81 20
699 250 219 143 81 20
700 250 219 143 81 20
701 249 219 143 81 20
702 249 219 143 81 20
703 249 219 143 81 20
704 249 219 143 81 20
705 249 219 143 81 20
706 248 219 143 81 20
707 248 219 143 81 20
708 248 219 143 81 20
709 248 219 143 81 20
710 247 219 143 81 20
711 247 219 143 81 20
712 247 219 143 81 20
713 247 219 143 81 20
714 247 219 143 81 20
605 281 219 143 81 20
607 281 219 143 81 20
607 282 219 143 81 20
608 282 219 143 81 20
609 284 219 143 81 20
611 285 219 143 81 20
612 286 219 143 81 20
613 286 219 143 81 20
613 287 219 143 81 20
614 287 219 143 81 20
615 288 219 143 81 20
616 288 219 143 81 20
617 289 219 143 81 20
618 289 219 143 81 20
619 289 219 143 81 20
620 291 219 143 81 20
621 291 219 143 81 20
623 292 219 143 81 20
624 293 219 143 81 20
625 293 219 143 81 20
626 293 219 143 81 20
627 294 219 143 81 20
628 294 219 143 81 20
630 295 219 143 81 20
631 295 219 143 81 20
633 295 219 143 81 20
635 296 219 143 81 20
638 297 219 143 81 20
639 297 219 143 81 20
641 298 219 143 81 20
642 298 219 143 81 20
643 299 219 143 81 20
644 299 219 143 81 20
646 299 219 143 81 20
647 299 219 143 81 20
648 299 219 143 81 20
649 299 219 143 81 20
650 299 219 143 81 20
651 299 219 143 81 20
653 299 219 143 81 20
654 300 219 143 81 20
656 300 219 143 81 20
658 301 219 143 81 20
659 301 219 143 81 20
660 301 219 143 81 20
661 301 219 143 81 20
662 301 219 143 81 20
664 301 219 143 81 20
665 301 219 143 81 20
667 301 219 143 81 20
668 301 219 143 81 20
669 301 219 143 81 20
671 301 219 143 81 20
673 300 219 143 81 20
674 300 219 143 81 20
675 300 219 143 81 20
676 300 219 143 81 20
677 300 219 143 81 20
678 300 219 143 81 20
679 300 219 143 81 20
680 299 219 143 81 20
681 299 219 143 81 20
682 299 219 143 81 20
684 299 219 143 81 20
685 299 219 143 81 20
686 299 219 143 81 20
688 298 219 143 81 20
689 298 219 143 81 20
690 297 219 143 81 20
691 297 219 143 81 20
692 297 219 143 81 20
694 297 219 143 81 20
695 296 219 143 81 20
696 295 219 143 81 20
697 295 219 143 81 20
698 295 219 143 81 20
699 294 219 143 81 20
700 294 219 143 81 20
701 293 219 143 81 20
703 293 219 143 81 20
703 292 219 143 81 20
704 292 219 143 81 20
705 291 219 143 81 20
706 291 219 143 81 20
707 290 219 143 81 20
708 289 219 143 81 20
708 288 219 143 81 20
709 287 219 143 81 20
710 287 219 143 81 20
710 286 219 143 81 20
711 285 219 143 81 20
711 284 219 143 81 20
712 283 219 143 81 20
713 282 219 143 81 20
713 281 219 143 81 20
714 280 219 143 81 20
714 279 219 143 81 20
715 278 219 143 81 20
715 277 219 143 81 20
716 276 219 143 81 20
716 275 219 143 81 20
717 275 219 143 81 20
717 274 219 143 81 20
717 273 219 143 81 20
717 272 219 143 81 20
718 272 219 143 81 20
718 271 219 143 81 20
718 270 219 143 81 20
718 269 219 143 81 20
719 269 219 143 81 20
719 268 219 143 81 20
719 267 219 143 81 20
720 266 219 143 81 20
720 265 219 143 81 20
720 263 219 143 81 20
720 262 219 143 81 20
720 261 219 143 81 20
720 260 219 143 81 20
720 259 219 143 81 20
720 258 219 143 81 20
720 257 219 143 81 20
720 256 219 143 81 20
720 255 219 143 81 20
720 254 219 143 81 20
720 253 219 143 81 20
720 252 219 143 81 20
720 251 219 143 81 20
720 249 219 143 81 20
720 248 219 143 81 20
719 247 219 143 81 20
719 246 219 143 81 20
719 245 219 143 81 20
719 244 219 143 81 20
718 243 219 143 81 20
718 242 219 143 81 20
717 240 219 143 81 20
716 239 219 143 81 20
716 238 219 143 81 20
715 237 219 143 81 20
714 237 219 143 81 20
714 236 219 143 81 20
714 235 219 143 81 20
713 234 219 143 81 20
704 228 219 143 81 20
703 228 219 143 81 20
701 227 219 143 81 20
700 226 219 143 81 20
699 226 219 143 81 20
698 226 219 143 81 20
696 225 219 143 81 20
695 224 219 143 81 20
693 224 219 143 81 20
692 224 219 143 81 20
690 223 219 143 81 20
688 223 219 143 81 20
685 222 219 143 81 20
684 222 219 143 81 20
683 221 219 143 81 20
682 221 219 143 81 20
681 221 219 143 81 20
680 221 219 143 81 20
679 221 219 143 81 20
677 221 219 143 81 20
676 221 219 143 81 20
675 220 219 143 81 20
673 220 219 143 81 20
671 219 219 143 81 20
670 219 219 143 81 20
669 219 219 143 81 20
668 219 219 143 81 20
666 219 219 143 81 20
664 219 219 143 81 20
663 219 219 143 81 20
662 219 219 143 81 20
660 219 219 143 81 20
659 219 219 143 81 20
657 219 219 143 81 20
655 219 219 143 81 20
653 219 219 143 81 20
651 219 219 143 81 20
650 219 219 143 81 20
648 219 219 143 81 20
646 219 219 143 81 20
644 220 219 143 81 20
643 220 219 143 81 20
641 220 219 143 81 20
640 220 219 143 81 20
639 220 219 143 81 20
637 220 219 143 81 20
636 221 219 143 81 20
635 221 219 143 81 20
633 222 219 143 81 20
632 222 219 143 81 20
631 222 219 143 81 20
629 223 219 143 81 20
628 224 219 143 81 20
627 224 219 143 81 20
626 224 219 143 81 20
626 225 219 143 81 20
625 226 219 143 81 20
624 226 219 143 81 20
623 227 219 143 81 20
622 228 219 143 81 20
621 229 219 143 81 20
620 230 219 143 81 20
619 232 219 143 81 20
618 233 219 143 81 20
618 234 219 143 81 20
617 235 219 143 81 20
617 236 219 143 81 20
617 237 219 143 81 20
616 238 219 143 81 20
615 240 219 143 81 20
615 241 219 143 81 20
614 243 219 143 81 20
614 245 219 143 81 20
614 246 219 143 81 20
613 247 219 143 81 20
613 248 219 143 81 20
613 249 219 143 81 20
613 250 219 143 81 20
613 251 219 143 81 20
612 253 219 143 81 20
612 254 219 143 81 20
612 255 219 143 81 20
612 256 219 143 81 20
612 257 219 143 81 20
612 258 219 143 81 20
612 259 219 143 81 20
612 260 219 143 81 20
612 261 219 143 81 20
613 262 219 143 81 20
613 263 219 143 81 20
614 265 219 143 81 20
614 266 219 143 81 20
615 267 219 143 81 20
615 268 219 143 81 20
615 269 219 143 81 20
615 270 219 143 81 20
616 271 219 143 81 20
675 185 219 143 81 20
675 187 219 143 81 20
675 189 219 143 81 20
675 191 219 143 81 20
675 193 219 143 81 20
675 195 219 143 81 20
675 197 219 143 81 20
675 199 219 143 81 20
675 201 219 143 81 20
675 203 219 143 81 20
675 205 219 143 81 20
675 207 219 143 81 20
675 209 219 143 81 20
714 235 219 143 81 20
715 235 219 143 81 20
716 235 219 143 81 20
717 235 219 143 81 20
718 235 219 143 81 20
719 236 219 143 81 20
720 236 219 143 81 20
721 236 219 143 81 20
722 236 219 143 81 20
723 236 219 143 81 20
724 237 219 143 81 20
725 237 219 143 81 20
726 237 219 143 81 20
727 237 219 143 81 20
728 238 219 143 81 20
729 238 219 143 81 20
730 238 219 143 81 20
731 238 219 143 81 20
732 238 219 143 81 20
733 239 219 143 81 20
734 239 219 143 81 20
735 239 219 143 81 20
736 239 219 143 81 20
737 240 219 143 81 20
738 240 219 143 81 20
739 240 219 143 81 20
740 240 219 143 81 20
741 240 219 143 81 20
742 241 219 143 81 20
743 241 219 143 81 20
744 241 219 143 81 20
745 241 219 143 81 20
746 241 219 143 81 20
747 242 219 143 81 20
748 242 219 143 81 20
749 242 219 143 81 20
750 242 219 143 81 20
751 243 219 143 81 20
752 243 219 143 81 20
753 243 219 143 81 20
754 243 219 143 81 20
755 243 219 143 81 20
756 244 219 143 81 20
757 244 219 143 81 20
758 244 219 143 81 20
759 244 219 143 81 20
760 245 219 143 81 20
761 245 219 143 81 20
762 245 219 143 81 20
763 245 219 143 81 20
764 245 219 143 81 20
765 246 219 143 81 20
766 246 219 143 81 20
767 246 219 143 81 20
768 246 219 143 81 20
769 247 219 143 81 20
732 271 219 143 81 20
733 274 219 143 81 20
734 277 219 143 81 20
735 280 219 143 81 20
736 283 219 143 81 20
737 287 219 143 81 20
738 290 219 143 81 20
739 293 219 143 81 20
740 296 219 143 81 20
741 300 219 143 81 20
742 303 219 143 81 20
743 306 219 143 81 20
744 309 219 143 81 20
745 313 219 143 81 20
641 324 219 143 81 20
642 323 219 143 81 20
643 323 219 143 81 20
644 323 219 143 81 20
645 323 219 143 81 20
646 322 219 143 81 20
647 322 219 143 81 20
648 322 219 143 81 20
649 322 219 143 81 20
650 322 219 143 81 20
651 321 219 143 81 20
652 321 219 143 81 20
653 321 219 143 81 20
654 321 219 143 81 20
655 320 219 143 81 20
656 320 219 143 81 20
657 320 219 143 81 20
658 320 219 143 81 20
659 320 219 143 81 20
660 319 219 143 81 20
661 319 219 143 81 20
662 319 219 143 81 20
663 319 219 143 81 20
664 318 219 143 81 20
665 318 219 143 81 20
666 318 219 143 81 20
667 318 219 143 81 20
668 318 219 143 81 20
669 317 219 143 81 20
670 317 219 143 81 20
671 317 219 143 81 20
672 317 219 143 81 20
673 316 219 143 81 20
674 316 219 143 81 20
675 316 219 143 81 20
676 316 219 143 81 20
677 316 219 143 81 20
678 315 219 143 81 20
679 315 219 143 81 20
680 315 219 143 81 20
681 315 219 143 81 20
682 314 219 143 81 20
683 314 219 143 81 20
684 314 219 143 81 20
685 314 219 143 81 20
686 314 219 143 81 20
687 313 219 143 81 20
688 313 219 143 81 20
689 313 219 143 81 20
690 313 219 143 81 20
691 312 219 143 81 20
692 312 219 143 81 20
693 312 219 143 81 20
694 312 219 143 81 20
695 312 219 143 81 20
696 311 219 143 81 20
697 311 219 143 81 20
698 311 219 143 81 20
699 311 219 143 81 20
700 311 219 143 81 20
587 276 219 143 81 20
588 276 219 143 81 20
589 277 219 143 81 20
590 278 219 143 81 20
591 279 219 143 81 20
592 279 219 143 81 20
593 280 219 143 81 20
594 281 219 143 81 20
595 282 219 143 81 20
596 283 219 143 81 20
597 283 219 143 81 20
598 284 219 143 81 20
599 285 219 143 81 20
600 286 219 143 81 20
601 286 219 143 81 20
602 287 219 143 81 20
603 288 219 143 81 20
604 289 219 143 81 20
605 290 219 143 81 20
606 290 219 143 81 20
607 291 219 143 81 20
608 292 219 143 81 20
609 293 219 143 81 20
610 293 219 143 81 20
611 294 219 143 81 20
612 295 219 143 81 20
613 296 219 143 81 20
614 297 219 143 81 20
615 297 219 143 81 20
616 298 219 143 81 20
617 299 219 143 81 20
618 300 219 143 81 20
619 300 219 143 81 20
620 301 219 143 81 20
621 302 219 143 81 20
622 303 219 143 81 20
623 304 219 143 81 20
617 193 219 143 81 20
617 195 219 143 81 20
617 197 219 143 81 20
617 199 219 143 81 20
617 201 219 143 81 20
617 203 219 143 81 20
618 213 219 143 81 20
618 215 219 143 81 20
618 217 219 143 81 20
618 219 219 143 81 20
618 221 219 143 81 20
618 223 219 143 81 20
618 225 219 143 81 20
659 212 219 143 81 20
660 210 219 143 81 20
661 208 219 143 81 20
662 206 219 143 81 20
663 204 219 143 81 20
664 202 219 143 81 20
665 201 219 143 81 20
666 199 219 143 81 20
667 197 219 143 81 20
668 195 219 143 81 20
669 193 219 143 81 20
670 191 219 143 81 20
671 190 219 143 81 20
672 188 219 143 81 20
673 186 219 143 81 20
674 184 219 143 81 20
675 182 219 143 81 20
676 181 219 143 81 20
388 298
283
7
643 263 0 0 0 20
644 258 0 0 0 20
644 254 0 0 0 20
645 250 0 0 0 20
646 245 0 0 0 20
647 240 0 0 0 20
648 237 0 0 0 20
649 232 0 0 0 20
650 227 0 0 0 20
650 222 0 0 0 20
651 217 0 0 0 20
654 207 0 0 0 20
657 197 0 0 0 20
660 187 0 0 0 20
662 177 0 0 0 20
663 174 0 0 0 20
663 173 0 0 0 20
663 172 0 0 0 20
664 171 0 0 0 20
664 170 0 0 0 20
664 169 0 0 0 20
664 164 0 0 0 20
662 163 0 0 0 20
652 160 0 0 0 20
642 158 0 0 0 20
637 157 0 0 0 20
631 156 0 0 0 20
626 155 0 0 0 20
620 154 0 0 0 20
613 153 0 0 0 20
608 153 0 0 0 20
602 152 0 0 0 20
599 152 0 0 0 20
595 152 0 0 0 20
591 152 0 0 0 20
587 152 0 0 0 20
583 152 0 0 0 20
579 152 0 0 0 20
575 152 0 0 0 20
572 152 0 0 0 20
568 152 0 0 0 20
564 152 0 0 0 20
558 152 0 0 0 20
554 152 0 0 0 20
550 152 0 0 0 20
544 152 0 0 0 20
541 152 0 0 0 20
537 152 0 0 0 20
534 152 0 0 0 20
531 152 0 0 0 20
528 153 0 0 0 20
526 153 0 0 0 20
523 153 0 0 0 20
521 154 0 0 0 20
517 155 0 0 0 20
514 156 0 0 0 20
511 157 0 0 0 20
506 158 0 0 0 20
496 161 0 0 0 20
487 165 0 0 0 20
479 171 0 0 0 20
478 173 0 0 0 20
475 174 0 0 0 20
474 176 0 0 0 20
466 182 0 0 0 20
465 184 0 0 0 20
463 185 0 0 0 20
463 186 0 0 0 20
462 187 0 0 0 20
461 189 0 0 0 20
460 190 0 0 0 20
460 192 0 0 0 20
460 193 0 0 0 20
460 194 0 0 0 20
460 196 0 0 0 20
459 198 0 0 0 20
459 199 0 0 0 20
459 201 0 0 0 20
459 203 0 0 0 20
459 206 0 0 0 20
459 209 0 0 0 20
459 211 0 0 0 20
459 214 0 0 0 20
459 216 0 0 0 20
459 218 0 0 0 20
459 220 0 0 0 20
459 222 0 0 0 20
459 224 0 0 0 20
460 226 0 0 0 20
461 227 0 0 0 20
461 229 0 0 0 20
462 230 0 0 0 20
463 232 0 0 0 20
463 234 0 0 0 20
469 241 0 0 0 20
476 247 0 0 0 20
483 253 0 0 0 20
491 258 0 0 0 20
499 262 0 0 0 20
508 264 0 0 0 20
517 267 0 0 0 20
526 270 0 0 0 20
535 272 0 0 0 20
544 274 0 0 0 20
546 275 0 0 0 20
547 275 0 0 0 20
549 276 0 0 0 20
551 276 0 0 0 20
554 276 0 0 0 20
557 276 0 0 0 20
560 276 0 0 0 20
563 276 0 0 0 20
567 276 0 0 0 20
570 276 0 0 0 20
573 276 0 0 0 20
575 276 0 0 0 20
577 276 0 0 0 20
578 276 0 0 0 20
580 276 0 0 0 20
582 276 0 0 0 20
584 276 0 0 0 20
587 276 0 0 0 20
590 276 0 0 0 20
594 276 0 0 0 20
598 277 0 0 0 20
602 278 0 0 0 20
605 278 0 0 0 20
608 279 0 0 0 20
611 279 0 0 0 20
613 280 0 0 0 20
615 280 0 0 0 20
616 280 0 0 0 20
617 280 0 0 0 20
619 280 0 0 0 20
620 280 0 0 0 20
621 280 0 0 0 20
622 280 0 0 0 20
625 280 0 0 0 20
626 280 0 0 0 20
628 280 0 0 0 20
629 280 0 0 0 20
631 280 0 0 0 20
632 280 0 0 0 20
634 279 0 0 0 20
635 279 0 0 0 20
636 279 0 0 0 20
637 279 0 0 0 20
638 279 0 0 0 20
639 278 0 0 0 20
639 277 0 0 0 20
641 277 0 0 0 20
641 276 0 0 0 20
642 276 0 0 0 20
643 275 0 0 0 20
644 275 0 0 0 20
645 274 0 0 0 20
645 273 0 0 0 20
645 272 0 0 0 20
646 272 0 0 0 20
647 270 0 0 0 20
647 272 0 0 0 20
647 274 0 0 0 20
643 283 0 0 0 20
642 288 0 0 0 20
642 291 0 0 0 20
641 295 0 0 0 20
640 297 0 0 0 20
639 300 0 0 0 20
639 303 0 0 0 20
638 305 0 0 0 20
637 307 0 0 0 20
637 309 0 0 0 20
637 311 0 0 0 20
636 313 0 0 0 20
635 315 0 0 0 20
635 316 0 0 0 20
634 318 0 0 0 20
634 322 0 0 0 20
633 324 0 0 0 20
632 326 0 0 0 20
631 328 0 0 0 20
631 329 0 0 0 20
631 330 0 0 0 20
631 331 0 0 0 20
631 332 0 0 0 20
631 333 0 0 0 20
630 334 0 0 0 20
630 335 0 0 0 20
630 337 0 0 0 20
630 339 0 0 0 20
630 340 0 0 0 20
630 341 0 0 0 20
630 344 0 0 0 20
629 346 0 0 0 20
629 348 0 0 0 20
629 349 0 0 0 20
628 351 0 0 0 20
628 352 0 0 0 20
628 354 0 0 0 20
627 355 0 0 0 20
627 357 0 0 0 20
627 359 0 0 0 20
627 361 0 0 0 20
627 362 0 0 0 20
626 363 0 0 0 20
626 364 0 0 0 20
626 366 0 0 0 20
626 367 0 0 0 20
626 368 0 0 0 20
626 369 0 0 0 20
626 370 0 0 0 20
626 372 0 0 0 20
625 375 0 0 0 20
625 377 0 0 0 20
625 379 0 0 0 20
624 380 0 0 0 20
624 381 0 0 0 20
624 382 0 0 0 20
624 383 0 0 0 20
623 384 0 0 0 20
623 386 0 0 0 20
623 387 0 0 0 20
623 388 0 0 0 20
623 390 0 0 0 20
622 391 0 0 0 20
622 392 0 0 0 20
622 393 0 0 0 20
621 395 0 0 0 20
621 396 0 0 0 20
621 398 0 0 0 20
621 399 0 0 0 20
621 400 0 0 0 20
620 400 0 0 0 20
531 201 59 144 171 20
535 201 59 144 171 20
538 200 59 144 171 20
541 200 59 144 171 20
545 199 59 144 171 20
546 199 59 144 171 20
547 199 59 144 171 20
548 198 59 144 171 20
549 198 59 144 171 20
550 198 59 144 171 20
550 199 59 144 171 20
603 194 59 144 171 20
605 194 59 144 171 20
607 194 59 144 171 20
608 194 59 144 171 20
610 194 59 144 171 20
611 194 59 144 171 20
613 194 59 144 171 20
615 194 59 144 171 20
616 194 59 144 171 20
619 194 59 144 171 20
621 194 59 144 171 20
622 194 59 144 171 20
623 194 59 144 171 20
624 194 59 144 171 20
625 194 59 144 171 20
560 236 59 144 171 20
561 238 59 144 171 20
562 239 59 144 171 20
564 240 59 144 171 20
566 241 59 144 171 20
574 247 59 144 171 20
575 249 59 144 171 20
577 250 59 144 171 20
580 251 59 144 171 20
582 252 59 144 171 20
585 253 59 144 171 20
586 253 59 144 171 20
588 254 59 144 171 20
589 254 59 144 171 20
590 255 59 144 171 20
591 255 59 144 171 20
593 255 59 144 171 20
595 255 59 144 171 20
597 255 59 144 171 20
600 254 59 144 171 20
602 253 59 144 171 20
605 253 59 144 171 20
612 246 59 144 171 20
614 245 59 144 171 20
488 206
93
7
608 435 0 0 0 20
613 435 0 0 0 20
620 435 0 0 0 20
630 435 0 0 0 20
645 435 0 0 0 20
661 435 0 0 0 20
686 435 0 0 0 20
695 436 0 0 0 20
704 437 0 0 0 20
713 438 0 0 0 20
722 439 0 0 0 20
731 440 0 0 0 20
740 442 0 0 0 20
749 444 0 0 0 20
758 446 0 0 0 20
767 448 0 0 0 20
776 449 0 0 0 20
785 450 0 0 0 20
794 451 0 0 0 20
803 452 0 0 0 20
812 453 0 0 0 20
821 454 0 0 0 20
830 456 0 0 0 20
839 458 0 0 0 20
848 460 0 0 0 20
857 462 0 0 0 20
886 463 0 0 0 20
895 464 0 0 0 20
904 465 0 0 0 20
913 466 0 0 0 20
938 467 0 0 0 20
951 467 0 0 0 20
964 467 0 0 0 20
976 467 0 0 0 20
984 467 0 0 0 20
991 467 0 0 0 20
993 467 0 0 0 20
994 467 0 0 0 20
995 467 0 0 0 20
996 467 0 0 0 20
659 429 0 0 0 20
659 427 0 0 0 20
662 417 0 0 0 20
666 408 0 0 0 20
670 399 0 0 0 20
675 399 0 0 0 20
682 405 0 0 0 20
689 411 0 0 0 20
696 417 0 0 0 20
703 423 0 0 0 20
704 425 0 0 0 20
705 426 0 0 0 20
707 427 0 0 0 20
743 441 0 0 0 20
749 433 0 0 0 20
756 425 0 0 0 20
763 418 0 0 0 20
770 411 0 0 0 20
777 404 0 0 0 20
785 398 0 0 0 20
787 397 0 0 0 20
788 396 0 0 0 20
789 395 0 0 0 20
790 395 0 0 0 20
791 396 0 0 0 20
792 397 0 0 0 20
798 404 0 0 0 20
802 412 0 0 0 20
806 420 0 0 0 20
810 428 0 0 0 20
814 436 0 0 0 20
820 444 0 0 0 20
865 464 0 0 0 20
866 463 0 0 0 20
867 462 0 0 0 20
868 460 0 0 0 20
869 459 0 0 0 20
876 451 0 0 0 20
884 445 0 0 0 20
892 440 0 0 0 20
900 434 0 0 0 20
908 428 0 0 0 20
916 423 0 0 0 20
924 418 0 0 0 20
926 419 0 0 0 20
927 419 0 0 0 20
933 426 0 0 0 20
939 434 0 0 0 20
940 436 0 0 0 20
941 437 0 0 0 20
942 439 0 0 0 20
947 447 0 0 0 20
953 454 0 0 0 20
525 394
285
7
662 415 0 0 0 20
662 408 0 0 0 20
662 399 0 0 0 20
662 388 0 0 0 20
662 376 0 0 0 20
662 364 0 0 0 20
662 351 0 0 0 20
662 338 0 0 0 20
662 325 0 0 0 20
664 315 0 0 0 20
666 305 0 0 0 20
667 295 0 0 0 20
669 285 0 0 0 20
670 277 0 0 0 20
678 272 0 0 0 20
695 272 0 0 0 20
704 273 0 0 0 20
713 274 0 0 0 20
722 276 0 0 0 20
731 277 0 0 0 20
740 278 0 0 0 20
749 281 0 0 0 20
752 282 0 0 0 20
755 282 0 0 0 20
758 283 0 0 0 20
764 283 0 0 0 20
769 283 0 0 0 20
777 283 0 0 0 20
785 284 0 0 0 20
794 286 0 0 0 20
803 287 0 0 0 20
813 288 0 0 0 20
819 288 0 0 0 20
824 289 0 0 0 20
829 290 0 0 0 20
835 290 0 0 0 20
840 290 0 0 0 20
847 291 0 0 0 20
854 292 0 0 0 20
861 293 0 0 0 20
866 294 0 0 0 20
870 295 0 0 0 20
873 295 0 0 0 20
875 296 0 0 0 20
876 296 0 0 0 20
877 296 0 0 0 20
878 297 0 0 0 20
879 297 0 0 0 20
879 298 0 0 0 20
879 299 0 0 0 20
880 299 0 0 0 20
880 300 0 0 0 20
880 301 0 0 0 20
880 302 0 0 0 20
880 303 0 0 0 20
879 304 0 0 0 20
877 305 0 0 0 20
876 306 0 0 0 20
875 307 0 0 0 20
874 308 0 0 0 20
871 309 0 0 0 20
861 312 0 0 0 20
852 316 0 0 0 20
843 320 0 0 0 20
834 324 0 0 0 20
824 328 0 0 0 20
815 332 0 0 0 20
805 335 0 0 0 20
796 340 0 0 0 20
786 343 0 0 0 20
776 346 0 0 0 20
766 348 0 0 0 20
756 350 0 0 0 20
754 351 0 0 0 20
752 351 0 0 0 20
750 351 0 0 0 20
748 351 0 0 0 20
746 351 0 0 0 20
745 351 0 0 0 20
742 351 0 0 0 20
739 351 0 0 0 20
736 351 0 0 0 20
734 350 0 0 0 20
733 349 0 0 0 20
732 349 0 0 0 20
731 348 0 0 0 20
730 348 0 0 0 20
728 347 0 0 0 20
727 346 0 0 0 20
726 346 0 0 0 20
724 345 0 0 0 20
722 345 0 0 0 20
721 345 0 0 0 20
718 344 0 0 0 20
717 344 0 0 0 20
715 344 0 0 0 20
713 343 0 0 0 20
712 343 0 0 0 20
710 343 0 0 0 20
709 343 0 0 0 20
708 343 0 0 0 20
707 343 0 0 0 20
706 343 0 0 0 20
705 343 0 0 0 20
704 343 0 0 0 20
701 343 0 0 0 20
700 343 0 0 0 20
699 343 0 0 0 20
698 343 0 0 0 20
696 343 0 0 0 20
694 344 0 0 0 20
693 344 0 0 0 20
692 344 0 0 0 20
689 345 0 0 0 20
687 345 0 0 0 20
686 345 0 0 0 20
685 345 0 0 0 20
684 345 0 0 0 20
683 346 0 0 0 20
682 346 0 0 0 20
681 346 0 0 0 20
680 346 0 0 0 20
679 346 0 0 0 20
678 348 0 0 0 20
677 349 0 0 0 20
724 357 0 0 0 20
723 358 0 0 0 20
722 360 0 0 0 20
721 361 0 0 0 20
720 363 0 0 0 20
713 370 0 0 0 20
712 372 0 0 0 20
712 373 0 0 0 20
710 374 0 0 0 20
710 375 0 0 0 20
709 375 0 0 0 20
709 376 0 0 0 20
707 377 0 0 0 20
706 377 0 0 0 20
696 380 0 0 0 20
696 382 0 0 0 20
695 382 0 0 0 20
694 383 0 0 0 20
693 383 0 0 0 20
692 383 0 0 0 20
690 383 0 0 0 20
689 383 0 0 0 20
688 383 0 0 0 20
687 384 0 0 0 20
686 384 0 0 0 20
685 384 0 0 0 20
683 384 0 0 0 20
682 384 0 0 0 20
681 384 0 0 0 20
680 384 0 0 0 20
679 384 0 0 0 20
679 385 0 0 0 20
678 385 0 0 0 20
677 385 0 0 0 20
680 274 0 0 0 20
679 275 0 0 0 20
678 275 0 0 0 20
676 275 0 0 0 20
675 275 0 0 0 20
674 275 0 0 0 20
673 275 0 0 0 20
670 275 0 0 0 20
668 275 0 0 0 20
665 276 0 0 0 20
662 277 0 0 0 20
660 278 0 0 0 20
657 278 0 0 0 20
655 279 0 0 0 20
652 280 0 0 0 20
651 280 0 0 0 20
650 280 0 0 0 20
649 280 0 0 0 20
648 281 0 0 0 20
647 281 0 0 0 20
646 282 0 0 0 20
645 282 0 0 0 20
644 283 0 0 0 20
643 283 0 0 0 20
643 284 0 0 0 20
643 285 0 0 0 20
643 286 0 0 0 20
643 287 0 0 0 20
643 288 0 0 0 20
643 290 0 0 0 20
643 291 0 0 0 20
643 293 0 0 0 20
643 294 0 0 0 20
643 296 0 0 0 20
643 298 0 0 0 20
643 299 0 0 0 20
643 300 0 0 0 20
643 302 0 0 0 20
643 303 0 0 0 20
643 304 0 0 0 20
643 305 0 0 0 20
643 306 0 0 0 20
643 307 0 0 0 20
643 308 0 0 0 20
643 309 0 0 0 20
643 310 0 0 0 20
643 311 0 0 0 20
643 312 0 0 0 20
643 313 0 0 0 20
643 314 0 0 0 20
643 315 0 0 0 20
643 316 0 0 0 20
643 317 0 0 0 20
643 318 0 0 0 20
643 319 0 0 0 20
643 320 0 0 0 20
642 321 0 0 0 20
642 322 0 0 0 20
642 323 0 0 0 20
641 324 0 0 0 20
641 326 0 0 0 20
641 327 0 0 0 20
641 329 0 0 0 20
641 330 0 0 0 20
640 331 0 0 0 20
640 332 0 0 0 20
640 334 0 0 0 20
639 336 0 0 0 20
639 337 0 0 0 20
639 339 0 0 0 20
639 341 0 0 0 20
639 342 0 0 0 20
639 343 0 0 0 20
639 345 0 0 0 20
639 347 0 0 0 20
639 349 0 0 0 20
639 350 0 0 0 20
639 351 0 0 0 20
639 353 0 0 0 20
639 354 0 0 0 20
639 355 0 0 0 20
639 356 0 0 0 20
639 358 0 0 0 20
639 359 0 0 0 20
639 361 0 0 0 20
639 363 0 0 0 20
639 364 0 0 0 20
640 367 0 0 0 20
640 369 0 0 0 20
640 370 0 0 0 20
641 372 0 0 0 20
641 373 0 0 0 20
641 377 0 0 0 20
641 378 0 0 0 20
641 381 0 0 0 20
642 383 0 0 0 20
642 385 0 0 0 20
643 387 0 0 0 20
643 389 0 0 0 20
643 392 0 0 0 20
643 395 0 0 0 20
643 396 0 0 0 20
643 398 0 0 0 20
643 400 0 0 0 20
644 402 0 0 0 20
644 403 0 0 0 20
644 404 0 0 0 20
644 405 0 0 0 20
644 406 0 0 0 20
644 407 0 0 0 20
645 408 0 0 0 20
645 409 0 0 0 20
645 411 0 0 0 20
645 412 0 0 0 20
646 412 0 0 0 20
647 413 0 0 0 20
648 413 0 0 0 20
649 414 0 0 0 20
652 414 0 0 0 20
654 415 0 0 0 20
657 415 0 0 0 20
660 416 0 0 0 20
662 416 0 0 0 20
663 416 0 0 0 20
664 416 0 0 0 20
665 417 0 0 0 20
911 306
664
7
795 246 0 0 0 20
792 246 0 0 0 20
789 246 0 0 0 20
786 246 0 0 0 20
783 246 0 0 0 20
776 246 0 0 0 20
769 246 0 0 0 20
761 246 0 0 0 20
752 246 0 0 0 20
742 246 0 0 0 20
733 246 0 0 0 20
724 246 0 0 0 20
714 246 0 0 0 20
708 246 0 0 0 20
701 246 0 0 0 20
696 246 0 0 0 20
691 246 0 0 0 20
687 246 0 0 0 20
684 246 0 0 0 20
680 246 0 0 0 20
676 246 0 0 0 20
671 246 0 0 0 20
665 247 0 0 0 20
657 247 0 0 0 20
652 248 0 0 0 20
643 249 0 0 0 20
635 250 0 0 0 20
628 251 0 0 0 20
623 252 0 0 0 20
618 253 0 0 0 20
616 253 0 0 0 20
614 253 0 0 0 20
613 253 0 0 0 20
611 253 0 0 0 20
608 254 0 0 0 20
607 254 0 0 0 20
606 255 0 0 0 20
605 255 0 0 0 20
604 256 0 0 0 20
603 257 0 0 0 20
602 257 0 0 0 20
602 258 0 0 0 20
601 258 0 0 0 20
601 259 0 0 0 20
600 259 0 0 0 20
600 261 0 0 0 20
599 263 0 0 0 20
595 272 0 0 0 20
592 281 0 0 0 20
589 290 0 0 0 20
587 299 0 0 0 20
584 308 0 0 0 20
582 317 0 0 0 20
581 326 0 0 0 20
581 331 0 0 0 20
580 337 0 0 0 20
579 342 0 0 0 20
578 347 0 0 0 20
577 350 0 0 0 20
577 355 0 0 0 20
577 359 0 0 0 20
576 365 0 0 0 20
576 372 0 0 0 20
576 377 0 0 0 20
576 383 0 0 0 20
576 388 0 0 0 20
576 394 0 0 0 20
576 399 0 0 0 20
576 406 0 0 0 20
576 411 0 0 0 20
576 415 0 0 0 20
576 419 0 0 0 20
576 422 0 0 0 20
576 425 0 0 0 20
576 428 0 0 0 20
576 430 0 0 0 20
576 433 0 0 0 20
576 436 0 0 0 20
576 437 0 0 0 20
576 439 0 0 0 20
576 440 0 0 0 20
576 441 0 0 0 20
576 442 0 0 0 20
576 443 0 0 0 20
576 444 0 0 0 20
583 450 0 0 0 20
591 454 0 0 0 20
599 459 0 0 0 20
608 461 0 0 0 20
617 463 0 0 0 20
626 465 0 0 0 20
635 467 0 0 0 20
644 468 0 0 0 20
653 470 0 0 0 20
662 471 0 0 0 20
671 472 0 0 0 20
681 473 0 0 0 20
686 473 0 0 0 20
693 474 0 0 0 20
700 474 0 0 0 20
707 474 0 0 0 20
712 474 0 0 0 20
717 474 0 0 0 20
722 474 0 0 0 20
727 474 0 0 0 20
734 474 0 0 0 20
738 474 0 0 0 20
745 474 0 0 0 20
751 474 0 0 0 20
755 474 0 0 0 20
762 474 0 0 0 20
769 474 0 0 0 20
773 474 0 0 0 20
777 474 0 0 0 20
779 474 0 0 0 20
781 474 0 0 0 20
784 474 0 0 0 20
787 474 0 0 0 20
791 473 0 0 0 20
795 472 0 0 0 20
801 471 0 0 0 20
807 470 0 0 0 20
812 469 0 0 0 20
817 468 0 0 0 20
821 468 0 0 0 20
825 467 0 0 0 20
831 466 0 0 0 20
834 466 0 0 0 20
836 466 0 0 0 20
837 465 0 0 0 20
839 464 0 0 0 20
840 464 0 0 0 20
840 463 0 0 0 20
840 462 0 0 0 20
840 460 0 0 0 20
841 458 0 0 0 20
841 455 0 0 0 20
841 453 0 0 0 20
841 451 0 0 0 20
841 448 0 0 0 20
841 445 0 0 0 20
841 442 0 0 0 20
841 439 0 0 0 20
841 437 0 0 0 20
841 434 0 0 0 20
841 432 0 0 0 20
841 430 0 0 0 20
841 428 0 0 0 20
840 426 0 0 0 20
840 425 0 0 0 20
840 424 0 0 0 20
839 421 0 0 0 20
839 420 0 0 0 20
838 418 0 0 0 20
838 415 0 0 0 20
838 413 0 0 0 20
837 411 0 0 0 20
836 409 0 0 0 20
835 407 0 0 0 20
835 404 0 0 0 20
834 401 0 0 0 20
833 399 0 0 0 20
832 396 0 0 0 20
832 394 0 0 0 20
831 390 0 0 0 20
830 387 0 0 0 20
827 377 0 0 0 20
826 372 0 0 0 20
825 370 0 0 0 20
825 367 0 0 0 20
825 365 0 0 0 20
825 364 0 0 0 20
825 362 0 0 0 20
824 360 0 0 0 20
824 358 0 0 0 20
823 355 0 0 0 20
823 353 0 0 0 20
823 351 0 0 0 20
822 350 0 0 0 20
822 347 0 0 0 20
822 346 0 0 0 20
822 344 0 0 0 20
822 342 0 0 0 20
822 340 0 0 0 20
822 337 0 0 0 20
822 335 0 0 0 20
821 333 0 0 0 20
821 331 0 0 0 20
821 329 0 0 0 20
820 327 0 0 0 20
820 325 0 0 0 20
820 323 0 0 0 20
820 322 0 0 0 20
820 321 0 0 0 20
819 319 0 0 0 20
819 316 0 0 0 20
819 314 0 0 0 20
819 311 0 0 0 20
818 309 0 0 0 20
818 307 0 0 0 20
818 305 0 0 0 20
818 303 0 0 0 20
818 301 0 0 0 20
818 299 0 0 0 20
818 297 0 0 0 20
818 295 0 0 0 20
818 294 0 0 0 20
818 292 0 0 0 20
818 290 0 0 0 20
817 288 0 0 0 20
817 286 0 0 0 20
817 285 0 0 0 20
817 283 0 0 0 20
817 282 0 0 0 20
817 281 0 0 0 20
817 280 0 0 0 20
817 277 0 0 0 20
817 275 0 0 0 20
817 273 0 0 0 20
817 271 0 0 0 20
817 270 0 0 0 20
817 268 0 0 0 20
817 266 0 0 0 20
817 265 0 0 0 20
817 264 0 0 0 20
817 263 0 0 0 20
817 262 0 0 0 20
817 261 0 0 0 20
817 260 0 0 0 20
817 259 0 0 0 20
817 258 0 0 0 20
817 257 0 0 0 20
817 255 0 0 0 20
817 254 0 0 0 20
817 253 0 0 0 20
817 252 0 0 0 20
817 251 0 0 0 20
817 250 0 0 0 20
815 250 0 0 0 20
813 250 0 0 0 20
809 250 0 0 0 20
805 250 0 0 0 20
801 250 0 0 0 20
799 250 0 0 0 20
797 250 0 0 0 20
795 250 0 0 0 20
793 250 0 0 0 20
791 250 0 0 0 20
790 250 0 0 0 20
789 250 0 0 0 20
787 250 0 0 0 20
785 250 0 0 0 20
783 251 0 0 0 20
782 251 0 0 0 20
780 266 0 0 0 20
779 267 0 0 0 20
777 268 0 0 0 20
777 269 0 0 0 20
768 274 0 0 0 20
759 279 0 0 0 20
750 284 0 0 0 20
740 288 0 0 0 20
730 291 0 0 0 20
720 295 0 0 0 20
710 299 0 0 0 20
700 303 0 0 0 20
691 308 0 0 0 20
699 312 0 0 0 20
708 315 0 0 0 20
716 319 0 0 0 20
717 322 0 0 0 20
708 327 0 0 0 20
699 332 0 0 0 20
690 336 0 0 0 20
681 340 0 0 0 20
672 345 0 0 0 20
662 348 0 0 0 20
671 349 0 0 0 20
708 350 0 0 0 20
746 350 0 0 0 20
781 350 0 0 0 20
808 350 0 0 0 20
822 350 0 0 0 20
826 351 0 0 0 20
827 351 0 0 0 20
827 352 0 0 0 20
826 353 0 0 0 20
818 360 0 0 0 20
810 366 0 0 0 20
801 371 0 0 0 20
792 376 0 0 0 20
783 381 0 0 0 20
775 387 0 0 0 20
766 392 0 0 0 20
758 398 0 0 0 20
751 405 0 0 0 20
744 412 0 0 0 20
736 419 0 0 0 20
728 425 0 0 0 20
720 432 0 0 0 20
712 438 0 0 0 20
705 445 0 0 0 20
699 453 0 0 0 20
698 455 0 0 0 20
698 457 0 0 0 20
700 457 0 0 0 20
704 457 0 0 0 20
709 457 0 0 0 20
713 457 0 0 0 20
717 457 0 0 0 20
723 457 0 0 0 20
728 457 0 0 0 20
731 457 0 0 0 20
732 457 0 0 0 20
733 457 0 0 0 20
734 456 0 0 0 20
735 456 0 0 0 20
735 455 0 0 0 20
741 447 0 0 0 20
745 438 0 0 0 20
746 428 0 0 0 20
747 419 0 0 0 20
747 406 0 0 0 20
747 391 0 0 0 20
744 381 0 0 0 20
741 371 0 0 0 20
738 361 0 0 0 20
733 351 0 0 0 20
728 341 0 0 0 20
722 332 0 0 0 20
715 324 0 0 0 20
706 318 0 0 0 20
696 315 0 0 0 20
686 313 0 0 0 20
676 314 0 0 0 20
666 316 0 0 0 20
656 318 0 0 0 20
646 320 0 0 0 20
637 324 0 0 0 20
628 329 0 0 0 20
619 334 0 0 0 20
611 341 0 0 0 20
605 349 0 0 0 20
604 352 0 0 0 20
604 354 0 0 0 20
604 356 0 0 0 20
604 358 0 0 0 20
611 364 0 0 0 20
620 366 0 0 0 20
629 368 0 0 0 20
638 370 0 0 0 20
647 372 0 0 0 20
656 374 0 0 0 20
665 377 0 0 0 20
674 380 0 0 0 20
683 384 0 0 0 20
692 388 0 0 0 20
701 392 0 0 0 20
710 396 0 0 0 20
717 402 0 0 0 20
721 411 0 0 0 20
722 415 0 0 0 20
722 417 0 0 0 20
722 418 0 0 0 20
722 419 0 0 0 20
721 418 0 0 0 20
720 412 0 0 0 20
716 402 0 0 0 20
713 392 0 0 0 20
711 382 0 0 0 20
709 372 0 0 0 20
707 362 0 0 0 20
707 341 0 0 0 20
707 329 0 0 0 20
707 319 0 0 0 20
707 315 0 0 0 20
707 314 0 0 0 20
707 316 0 0 0 20
701 324 0 0 0 20
695 332 0 0 0 20
688 339 0 0 0 20
681 346 0 0 0 20
674 353 0 0 0 20
667 360 0 0 0 20
660 367 0 0 0 20
653 374 0 0 0 20
646 381 0 0 0 20
639 388 0 0 0 20
632 395 0 0 0 20
625 402 0 0 0 20
620 410 0 0 0 20
615 418 0 0 0 20
611 427 0 0 0 20
608 436 0 0 0 20
616 430 0 0 0 20
623 423 0 0 0 20
631 417 0 0 0 20
639 411 0 0 0 20
647 405 0 0 0 20
655 399 0 0 0 20
662 392 0 0 0 20
669 385 0 0 0 20
676 378 0 0 0 20
683 371 0 0 0 20
691 365 0 0 0 20
698 358 0 0 0 20
704 359 0 0 0 20
698 367 0 0 0 20
692 375 0 0 0 20
684 381 0 0 0 20
676 387 0 0 0 20
668 393 0 0 0 20
659 397 0 0 0 20
649 401 0 0 0 20
639 404 0 0 0 20
629 404 0 0 0 20
625 394 0 0 0 20
621 384 0 0 0 20
617 374 0 0 0 20
615 364 0 0 0 20
614 347 0 0 0 20
614 331 0 0 0 20
614 311 0 0 0 20
616 301 0 0 0 20
620 291 0 0 0 20
624 282 0 0 0 20
630 274 0 0 0 20
636 266 0 0 0 20
644 260 0 0 0 20
645 260 0 0 0 20
648 269 0 0 0 20
650 278 0 0 0 20
651 287 0 0 0 20
652 296 0 0 0 20
651 310 0 0 0 20
648 319 0 0 0 20
646 328 0 0 0 20
644 337 0 0 0 20
644 340 0 0 0 20
644 342 0 0 0 20
644 343 0 0 0 20
644 344 0 0 0 20
647 344 0 0 0 20
655 344 0 0 0 20
667 344 0 0 0 20
682 344 0 0 0 20
694 344 0 0 0 20
703 344 0 0 0 20
708 344 0 0 0 20
710 344 0 0 0 20
710 345 0 0 0 20
710 348 0 0 0 20
710 351 0 0 0 20
706 360 0 0 0 20
701 369 0 0 0 20
696 377 0 0 0 20
692 386 0 0 0 20
687 395 0 0 0 20
681 403 0 0 0 20
681 405 0 0 0 20
682 405 0 0 0 20
691 403 0 0 0 20
705 402 0 0 0 20
717 401 0 0 0 20
728 401 0 0 0 20
733 401 0 0 0 20
739 401 0 0 0 20
740 401 0 0 0 20
740 402 0 0 0 20
740 404 0 0 0 20
740 407 0 0 0 20
740 412 0 0 0 20
740 419 0 0 0 20
740 427 0 0 0 20
740 435 0 0 0 20
740 441 0 0 0 20
740 448 0 0 0 20
740 454 0 0 0 20
740 457 0 0 0 20
741 459 0 0 0 20
741 460 0 0 0 20
742 461 0 0 0 20
746 461 0 0 0 20
750 461 0 0 0 20
758 461 0 0 0 20
769 461 0 0 0 20
778 461 0 0 0 20
787 461 0 0 0 20
795 461 0 0 0 20
802 461 0 0 0 20
807 461 0 0 0 20
810 461 0 0 0 20
811 461 0 0 0 20
811 459 0 0 0 20
812 455 0 0 0 20
812 450 0 0 0 20
812 445 0 0 0 20
812 437 0 0 0 20
812 429 0 0 0 20
812 420 0 0 0 20
812 409 0 0 0 20
812 397 0 0 0 20
812 384 0 0 0 20
812 372 0 0 0 20
808 362 0 0 0 20
804 352 0 0 0 20
799 343 0 0 0 20
793 334 0 0 0 20
787 325 0 0 0 20
779 318 0 0 0 20
769 316 0 0 0 20
768 318 0 0 0 20
763 326 0 0 0 20
762 335 0 0 0 20
760 344 0 0 0 20
758 353 0 0 0 20
758 374 0 0 0 20
758 390 0 0 0 20
758 407 0 0 0 20
759 416 0 0 0 20
761 425 0 0 0 20
763 434 0 0 0 20
765 443 0 0 0 20
772 449 0 0 0 20
779 442 0 0 0 20
783 433 0 0 0 20
787 424 0 0 0 20
790 414 0 0 0 20
792 404 0 0 0 20
794 394 0 0 0 20
795 384 0 0 0 20
796 374 0 0 0 20
797 339 0 0 0 20
797 311 0 0 0 20
797 284 0 0 0 20
797 262 0 0 0 20
795 252 0 0 0 20
793 242 0 0 0 20
789 232 0 0 0 20
784 223 0 0 0 20
783 221 0 0 0 20
780 221 0 0 0 20
775 221 0 0 0 20
768 222 0 0 0 20
759 227 0 0 0 20
751 233 0 0 0 20
743 239 0 0 0 20
735 246 0 0 0 20
728 253 0 0 0 20
722 261 0 0 0 20
716 269 0 0 0 20
711 277 0 0 0 20
707 286 0 0 0 20
703 295 0 0 0 20
700 304 0 0 0 20
698 313 0 0 0 20
697 320 0 0 0 20
696 326 0 0 0 20
695 333 0 0 0 20
695 337 0 0 0 20
695 341 0 0 0 20
695 345 0 0 0 20
695 350 0 0 0 20
695 353 0 0 0 20
695 356 0 0 0 20
689 364 0 0 0 20
681 370 0 0 0 20
680 370 0 0 0 20
684 369 0 0 0 20
685 369 0 0 0 20
687 369 0 0 0 20
688 369 0 0 0 20
688 372 0 0 0 20
688 378 0 0 0 20
688 383 0 0 0 20
688 390 0 0 0 20
682 398 0 0 0 20
675 405 0 0 0 20
666 410 0 0 0 20
656 413 0 0 0 20
646 415 0 0 0 20
636 417 0 0 0 20
626 418 0 0 0 20
618 419 0 0 0 20
616 419 0 0 0 20
615 414 0 0 0 20
615 407 0 0 0 20
615 398 0 0 0 20
618 388 0 0 0 20
623 379 0 0 0 20
628 370 0 0 0 20
634 362 0 0 0 20
640 354 0 0 0 20
647 347 0 0 0 20
653 339 0 0 0 20
659 331 0 0 0 20
666 324 0 0 0 20
673 317 0 0 0 20
681 311 0 0 0 20
689 305 0 0 0 20
698 301 0 0 0 20
707 298 0 0 0 20
716 297 0 0 0 20
720 297 0 0 0 20
727 303 0 0 0 20
732 311 0 0 0 20
735 320 0 0 0 20
738 329 0 0 0 20
741 338 0 0 0 20
743 347 0 0 0 20
745 356 0 0 0 20
746 365 0 0 0 20
747 374 0 0 0 20
748 383 0 0 0 20
749 405 0 0 0 20
749 414 0 0 0 20
748 420 0 0 0 20
741 427 0 0 0 20
731 428 0 0 0 20
716 427 0 0 0 20
706 425 0 0 0 20
696 422 0 0 0 20
686 419 0 0 0 20
676 416 0 0 0 20
666 413 0 0 0 20
656 410 0 0 0 20
646 406 0 0 0 20
643 396 0 0 0 20
644 387 0 0 0 20
650 379 0 0 0 20
656 371 0 0 0 20
664 365 0 0 0 20
673 362 0 0 0 20
684 361 0 0 0 20
687 361 0 0 0 20
691 362 0 0 0 20
695 371 0 0 0 20
696 380 0 0 0 20
697 389 0 0 0 20
698 402 0 0 0 20
697 412 0 0 0 20
692 420 0 0 0 20
684 426 0 0 0 20
674 427 0 0 0 20
666 428 0 0 0 20
660 428 0 0 0 20
657 428 0 0 0 20
656 428 0 0 0 20
655 428 0 0 0 20
655 426 0 0 0 20
656 420 0 0 0 20
663 413 0 0 0 20
670 406 0 0 0 20
676 398 0 0 0 20
683 390 0 0 0 20
690 382 0 0 0 20
695 373 0 0 0 20
696 372 0 0 0 20
696 369 0 0 0 20
696 368 0 0 0 20
696 366 0 0 0 20
696 364 0 0 0 20
695 361 0 0 0 20
690 352 0 0 0 20
577 452
648
7
816 205 0 0 0 20
815 205 0 0 0 20
814 205 0 0 0 20
813 205 0 0 0 20
812 204 0 0 0 20
811 204 0 0 0 20
810 203 0 0 0 20
808 203 0 0 0 20
806 203 0 0 0 20
804 203 0 0 0 20
802 203 0 0 0 20
799 202 0 0 0 20
796 202 0 0 0 20
792 202 0 0 0 20
788 202 0 0 0 20
781 201 0 0 0 20
776 201 0 0 0 20
768 201 0 0 0 20
758 201 0 0 0 20
749 201 0 0 0 20
737 200 0 0 0 20
722 200 0 0 0 20
709 199 0 0 0 20
699 197 0 0 0 20
684 196 0 0 0 20
674 194 0 0 0 20
663 193 0 0 0 20
655 192 0 0 0 20
648 191 0 0 0 20
643 190 0 0 0 20
640 190 0 0 0 20
638 190 0 0 0 20
635 190 0 0 0 20
632 190 0 0 0 20
631 190 0 0 0 20
630 190 0 0 0 20
629 190 0 0 0 20
628 190 0 0 0 20
627 190 0 0 0 20
626 190 0 0 0 20
624 190 0 0 0 20
623 190 0 0 0 20
622 190 0 0 0 20
620 190 0 0 0 20
619 191 0 0 0 20
617 191 0 0 0 20
615 192 0 0 0 20
614 192 0 0 0 20
613 193 0 0 0 20
611 193 0 0 0 20
611 194 0 0 0 20
609 195 0 0 0 20
608 195 0 0 0 20
606 196 0 0 0 20
605 197 0 0 0 20
603 197 0 0 0 20
599 206 0 0 0 20
599 211 0 0 0 20
598 217 0 0 0 20
597 222 0 0 0 20
596 228 0 0 0 20
595 235 0 0 0 20
594 242 0 0 0 20
593 246 0 0 0 20
593 249 0 0 0 20
592 251 0 0 0 20
592 253 0 0 0 20
592 255 0 0 0 20
591 257 0 0 0 20
591 259 0 0 0 20
591 260 0 0 0 20
591 261 0 0 0 20
591 263 0 0 0 20
591 265 0 0 0 20
591 266 0 0 0 20
591 267 0 0 0 20
591 269 0 0 0 20
591 270 0 0 0 20
591 272 0 0 0 20
592 274 0 0 0 20
593 276 0 0 0 20
600 283 0 0 0 20
608 289 0 0 0 20
616 293 0 0 0 20
625 296 0 0 0 20
633 300 0 0 0 20
642 303 0 0 0 20
651 305 0 0 0 20
660 308 0 0 0 20
669 311 0 0 0 20
678 312 0 0 0 20
688 313 0 0 0 20
693 314 0 0 0 20
699 315 0 0 0 20
705 316 0 0 0 20
710 317 0 0 0 20
714 317 0 0 0 20
716 318 0 0 0 20
719 318 0 0 0 20
723 319 0 0 0 20
726 319 0 0 0 20
729 319 0 0 0 20
733 319 0 0 0 20
736 319 0 0 0 20
741 319 0 0 0 20
748 319 0 0 0 20
753 320 0 0 0 20
757 321 0 0 0 20
762 321 0 0 0 20
766 322 0 0 0 20
769 323 0 0 0 20
771 323 0 0 0 20
772 323 0 0 0 20
774 323 0 0 0 20
775 323 0 0 0 20
776 323 0 0 0 20
777 323 0 0 0 20
778 323 0 0 0 20
778 322 0 0 0 20
779 322 0 0 0 20
779 321 0 0 0 20
780 319 0 0 0 20
781 319 0 0 0 20
781 317 0 0 0 20
782 315 0 0 0 20
784 314 0 0 0 20
784 311 0 0 0 20
785 310 0 0 0 20
786 309 0 0 0 20
786 307 0 0 0 20
787 305 0 0 0 20
791 296 0 0 0 20
796 287 0 0 0 20
801 278 0 0 0 20
802 276 0 0 0 20
803 274 0 0 0 20
804 273 0 0 0 20
804 272 0 0 0 20
808 263 0 0 0 20
811 253 0 0 0 20
813 252 0 0 0 20
813 251 0 0 0 20
813 250 0 0 0 20
814 248 0 0 0 20
814 247 0 0 0 20
814 246 0 0 0 20
815 244 0 0 0 20
816 243 0 0 0 20
816 241 0 0 0 20
816 239 0 0 0 20
817 238 0 0 0 20
817 235 0 0 0 20
818 234 0 0 0 20
819 231 0 0 0 20
819 229 0 0 0 20
820 226 0 0 0 20
820 225 0 0 0 20
821 224 0 0 0 20
821 222 0 0 0 20
821 221 0 0 0 20
822 220 0 0 0 20
822 219 0 0 0 20
823 218 0 0 0 20
823 217 0 0 0 20
823 215 0 0 0 20
823 214 0 0 0 20
824 213 0 0 0 20
824 212 0 0 0 20
825 211 0 0 0 20
825 210 0 0 0 20
825 212 0 0 0 20
825 214 0 0 0 20
824 217 0 0 0 20
823 219 0 0 0 20
823 221 0 0 0 20
822 224 0 0 0 20
820 225 0 0 0 20
820 227 0 0 0 20
820 229 0 0 0 20
819 231 0 0 0 20
818 232 0 0 0 20
818 233 0 0 0 20
814 242 0 0 0 20
814 246 0 0 0 20
813 248 0 0 0 20
812 250 0 0 0 20
812 252 0 0 0 20
811 255 0 0 0 20
810 257 0 0 0 20
810 258 0 0 0 20
809 259 0 0 0 20
809 262 0 0 0 20
809 263 0 0 0 20
808 264 0 0 0 20
808 265 0 0 0 20
807 267 0 0 0 20
807 269 0 0 0 20
806 271 0 0 0 20
805 273 0 0 0 20
805 275 0 0 0 20
804 277 0 0 0 20
804 279 0 0 0 20
803 281 0 0 0 20
802 284 0 0 0 20
801 287 0 0 0 20
797 296 0 0 0 20
796 302 0 0 0 20
795 305 0 0 0 20
790 313 0 0 0 20
790 317 0 0 0 20
786 326 0 0 0 20
786 331 0 0 0 20
785 334 0 0 0 20
785 337 0 0 0 20
784 339 0 0 0 20
783 341 0 0 0 20
783 344 0 0 0 20
782 345 0 0 0 20
782 347 0 0 0 20
782 348 0 0 0 20
781 349 0 0 0 20
781 351 0 0 0 20
781 353 0 0 0 20
781 355 0 0 0 20
781 358 0 0 0 20
780 361 0 0 0 20
780 364 0 0 0 20
779 368 0 0 0 20
779 371 0 0 0 20
778 375 0 0 0 20
778 377 0 0 0 20
778 380 0 0 0 20
778 383 0 0 0 20
778 384 0 0 0 20
778 386 0 0 0 20
777 387 0 0 0 20
777 389 0 0 0 20
777 390 0 0 0 20
777 391 0 0 0 20
777 392 0 0 0 20
777 394 0 0 0 20
777 395 0 0 0 20
777 397 0 0 0 20
777 399 0 0 0 20
777 400 0 0 0 20
777 402 0 0 0 20
777 404 0 0 0 20
777 406 0 0 0 20
777 409 0 0 0 20
777 410 0 0 0 20
777 412 0 0 0 20
777 414 0 0 0 20
777 417 0 0 0 20
777 419 0 0 0 20
777 423 0 0 0 20
777 427 0 0 0 20
777 430 0 0 0 20
777 434 0 0 0 20
777 438 0 0 0 20
777 441 0 0 0 20
777 444 0 0 0 20
777 447 0 0 0 20
777 449 0 0 0 20
777 451 0 0 0 20
777 452 0 0 0 20
777 454 0 0 0 20
778 457 0 0 0 20
778 460 0 0 0 20
778 462 0 0 0 20
778 463 0 0 0 20
779 464 0 0 0 20
779 465 0 0 0 20
779 466 0 0 0 20
779 467 0 0 0 20
679 229 0 0 0 20
680 229 0 0 0 20
681 229 0 0 0 20
682 231 0 0 0 20
683 232 0 0 0 20
683 233 0 0 0 20
684 234 0 0 0 20
684 235 0 0 0 20
685 236 0 0 0 20
685 238 0 0 0 20
686 239 0 0 0 20
687 240 0 0 0 20
688 240 0 0 0 20
688 241 0 0 0 20
689 242 0 0 0 20
689 243 0 0 0 20
690 244 0 0 0 20
709 232 0 0 0 20
708 233 0 0 0 20
707 233 0 0 0 20
705 234 0 0 0 20
704 235 0 0 0 20
704 236 0 0 0 20
702 236 0 0 0 20
701 237 0 0 0 20
699 238 0 0 0 20
691 244 0 0 0 20
689 245 0 0 0 20
688 246 0 0 0 20
687 246 0 0 0 20
686 247 0 0 0 20
685 248 0 0 0 20
684 248 0 0 0 20
683 249 0 0 0 20
682 250 0 0 0 20
681 250 0 0 0 20
680 251 0 0 0 20
679 251 0 0 0 20
678 251 0 0 0 20
669 256 0 0 0 20
668 257 0 0 0 20
753 237 0 0 0 20
761 242 0 0 0 20
762 244 0 0 0 20
764 245 0 0 0 20
765 246 0 0 0 20
766 246 0 0 0 20
767 247 0 0 0 20
768 248 0 0 0 20
770 249 0 0 0 20
781 237 0 0 0 10
781 238 0 0 0 10
780 239 0 0 0 10
779 239 0 0 0 10
778 240 0 0 0 10
777 241 0 0 0 10
776 242 0 0 0 10
776 243 0 0 0 10
775 243 0 0 0 10
773 245 0 0 0 10
772 245 0 0 0 10
772 246 0 0 0 10
771 247 0 0 0 10
770 248 0 0 0 10
769 250 0 0 0 10
768 251 0 0 0 10
767 252 0 0 0 10
766 254 0 0 0 10
765 254 0 0 0 10
765 255 0 0 0 10
764 256 0 0 0 10
763 257 0 0 0 10
763 258 0 0 0 10
762 259 0 0 0 10
761 260 0 0 0 10
761 261 0 0 0 10
760 261 0 0 0 10
760 262 0 0 0 10
759 263 0 0 0 10
759 264 0 0 0 10
758 265 0 0 0 10
757 266 0 0 0 10
756 267 0 0 0 10
756 268 0 0 0 10
754 269 0 0 0 10
754 270 0 0 0 10
753 271 0 0 0 10
751 272 0 0 0 10
750 275 0 0 0 10
749 275 0 0 0 10
745 277 0 0 0 10
680 284 0 0 0 10
682 284 0 0 0 10
684 284 0 0 0 10
686 283 0 0 0 10
689 283 0 0 0 10
691 282 0 0 0 10
693 281 0 0 0 10
696 281 0 0 0 10
699 281 0 0 0 10
701 281 0 0 0 10
704 281 0 0 0 10
707 281 0 0 0 10
709 281 0 0 0 10
711 281 0 0 0 10
713 281 0 0 0 10
714 281 0 0 0 10
715 281 0 0 0 10
716 281 0 0 0 10
718 281 0 0 0 10
719 281 0 0 0 10
720 281 0 0 0 10
721 281 0 0 0 10
722 282 0 0 0 10
723 282 0 0 0 10
724 282 0 0 0 10
726 283 0 0 0 10
727 283 0 0 0 10
728 283 0 0 0 10
730 284 0 0 0 10
732 285 0 0 0 10
733 285 0 0 0 10
734 285 0 0 0 10
736 285 0 0 0 10
736 286 0 0 0 10
737 286 0 0 0 10
740 287 0 0 0 10
741 287 0 0 0 10
742 289 0 0 0 10
743 289 0 0 0 10
744 290 0 0 0 10
745 291 0 0 0 10
746 291 0 0 0 10
747 292 0 0 0 10
735 260 0 0 0 10
734 260 0 0 0 10
733 261 0 0 0 10
731 262 0 0 0 10
730 263 0 0 0 10
729 263 0 0 0 10
727 264 0 0 0 10
726 264 0 0 0 10
725 264 0 0 0 10
724 265 0 0 0 10
723 265 0 0 0 10
722 266 0 0 0 10
721 266 0 0 0 10
725 256 0 0 0 10
726 257 0 0 0 10
726 258 0 0 0 10
727 259 0 0 0 10
729 260 0 0 0 10
730 262 0 0 0 10
731 262 0 0 0 10
732 264 0 0 0 10
733 265 0 0 0 10
733 266 0 0 0 10
734 266 0 0 0 10
735 267 0 0 0 10
735 268 0 0 0 10
736 269 0 0 0 10
618 245 0 0 0 10
618 244 0 0 0 10
618 243 0 0 0 10
618 241 0 0 0 10
619 239 0 0 0 10
619 237 0 0 0 10
620 235 0 0 0 10
620 234 0 0 0 10
621 231 0 0 0 10
621 228 0 0 0 10
622 228 0 0 0 10
622 226 0 0 0 10
622 225 0 0 0 10
622 224 0 0 0 10
623 222 0 0 0 10
624 222 0 0 0 10
627 222 0 0 0 10
630 222 0 0 0 10
634 222 0 0 0 10
640 222 0 0 0 10
644 222 0 0 0 10
647 222 0 0 0 10
648 222 0 0 0 10
649 222 0 0 0 10
634 238 0 0 0 10
636 238 0 0 0 10
637 238 0 0 0 10
639 238 0 0 0 10
640 238 0 0 0 10
642 238 0 0 0 10
643 238 0 0 0 10
644 238 0 0 0 10
645 238 0 0 0 10
668 233 0 0 0 10
669 234 0 0 0 10
671 235 0 0 0 10
672 237 0 0 0 10
673 238 0 0 0 10
675 240 0 0 0 10
677 241 0 0 0 10
677 242 0 0 0 10
678 242 0 0 0 10
678 243 0 0 0 10
679 244 0 0 0 10
680 244 0 0 0 10
680 245 0 0 0 10
681 245 0 0 0 10
681 246 0 0 0 10
687 232 0 0 0 10
685 233 0 0 0 10
684 234 0 0 0 10
683 234 0 0 0 10
682 236 0 0 0 10
680 236 0 0 0 10
680 237 0 0 0 10
678 238 0 0 0 10
677 239 0 0 0 10
676 240 0 0 0 10
675 241 0 0 0 10
674 242 0 0 0 10
673 242 0 0 0 10
673 243 0 0 0 10
672 243 0 0 0 10
672 244 0 0 0 10
671 244 0 0 0 10
670 245 0 0 0 10
670 246 0 0 0 10
669 247 0 0 0 10
668 248 0 0 0 10
667 249 0 0 0 10
667 250 0 0 0 10
711 233 0 0 0 10
711 232 0 0 0 10
713 230 0 0 0 10
713 229 0 0 0 10
714 229 0 0 0 10
714 227 0 0 0 10
716 226 0 0 0 10
716 224 0 0 0 10
717 224 0 0 0 10
718 223 0 0 0 10
718 222 0 0 0 10
719 222 0 0 0 10
719 221 0 0 0 10
720 220 0 0 0 10
722 220 0 0 0 10
722 219 0 0 0 10
723 219 0 0 0 10
724 219 0 0 0 10
725 219 0 0 0 10
727 219 0 0 0 10
728 219 0 0 0 10
731 220 0 0 0 10
732 221 0 0 0 10
732 222 0 0 0 10
732 223 0 0 0 10
733 224 0 0 0 10
733 225 0 0 0 10
733 226 0 0 0 10
733 227 0 0 0 10
734 228 0 0 0 10
734 229 0 0 0 10
734 230 0 0 0 10
734 231 0 0 0 10
734 232 0 0 0 10
735 231 0 0 0 10
736 230 0 0 0 10
737 230 0 0 0 10
738 230 0 0 0 10
739 230 0 0 0 10
740 230 0 0 0 10
741 230 0 0 0 10
742 230 0 0 0 10
743 230 0 0 0 10
744 231 0 0 0 10
745 232 0 0 0 10
745 234 0 0 0 10
745 235 0 0 0 10
745 236 0 0 0 10
745 237 0 0 0 10
745 238 0 0 0 10
745 239 0 0 0 10
770 223 0 0 0 10
769 223 0 0 0 10
769 224 0 0 0 10
769 225 0 0 0 10
769 226 0 0 0 10
769 227 0 0 0 10
769 228 0 0 0 10
769 229 0 0 0 10
769 230 0 0 0 10
769 231 0 0 0 10
769 232 0 0 0 10
770 233 0 0 0 10
770 234 0 0 0 10
771 235 0 0 0 10
771 236 0 0 0 10
772 236 0 0 0 10
773 237 0 0 0 10
775 237 0 0 0 10
776 237 0 0 0 10
778 237 0 0 0 10
779 237 0 0 0 10
781 237 0 0 0 10
782 237 0 0 0 10
784 237 0 0 0 10
786 236 0 0 0 10
787 235 0 0 0 10
790 235 0 0 0 10
793 233 0 0 0 10
793 232 0 0 0 10
795 232 0 0 0 10
796 231 0 0 0 10
797 230 0 0 0 10
798 230 0 0 0 10
799 229 0 0 0 10
801 229 0 0 0 10
802 228 0 0 0 10
802 227 0 0 0 10
804 227 0 0 0 10
804 226 0 0 0 10
805 226 0 0 0 10
807 226 0 0 0 10
807 227 0 0 0 10
807 228 0 0 0 10
808 229 0 0 0 10
809 230 0 0 0 10
809 231 0 0 0 10
809 233 0 0 0 10
809 234 0 0 0 10
810 235 0 0 0 10
810 236 0 0 0 10
809 236 0 0 0 10
808 236 0 0 0 10
807 235 0 0 0 10
807 234 0 0 0 10
807 233 0 0 0 10
806 232 0 0 0 10
805 231 0 0 0 10
804 231 0 0 0 10
804 230 0 0 0 10
803 229 0 0 0 10
802 229 0 0 0 10
802 228 0 0 0 10
801 228 0 0 0 10
800 226 0 0 0 10
799 225 0 0 0 10
797 224 0 0 0 10
796 224 0 0 0 10
796 223 0 0 0 10
794 223 0 0 0 10
793 222 0 0 0 10
792 222 0 0 0 10
791 222 0 0 0 10
790 221 0 0 0 10
789 221 0 0 0 10
788 221 0 0 0 10
786 221 0 0 0 10
785 221 0 0 0 10
784 221 0 0 0 10
783 221 0 0 0 10
782 221 0 0 0 10
781 221 0 0 0 10
780 221 0 0 0 10
779 221 0 0 0 10
778 222 0 0 0 10
777 223 0 0 0 10
776 223 0 0 0 10
775 223 0 0 0 10
774 224 0 0 0 10
773 224 0 0 0 10
772 225 0 0 0 10
772 226 0 0 0 10
710 182
