Input Ship Name
7
Deck
Steering
Flag
Cannons
A way to board other ships
Treasure Room
Fighting mechanism
The Pearl
2
Title
3/4/2025 1:15PM
Type here...
Your New Pearl
3/4/2025 1:14PM
The pearl is a classic pirate ship, focusing mostly on playing offense on the seas.⏎As a pearl, your ship will be designed to pillage and raid.⏎Your pearl must include:⏎  ‣   At least three cannons⏎  ‣   A way to board other ships⏎  ‣   A treasure room for stolen goodies⏎  ‣   Your own creative design for fighting other pirate ships
7
5
7
603 230 0 0 0 20
603 231 0 0 0 20
603 233 0 0 0 20
603 234 0 0 0 20
603 235 0 0 0 20
631 211
18
7
635 206 235 212 91 20
635 208 235 212 91 20
635 211 235 212 91 20
635 214 235 212 91 20
635 217 235 212 91 20
635 219 235 212 91 20
635 221 235 212 91 20
635 222 235 212 91 20
636 223 235 212 91 20
636 226 235 212 91 20
637 227 235 212 91 20
637 229 235 212 91 20
637 230 235 212 91 20
637 232 235 212 91 20
638 234 235 212 91 20
638 235 235 212 91 20
639 236 235 212 91 20
639 237 235 212 91 20
854 453
15
7
742 209 235 212 91 20
742 210 235 212 91 20
741 213 235 212 91 20
740 215 235 212 91 20
735 223 235 212 91 20
734 226 235 212 91 20
729 234 235 212 91 20
729 238 235 212 91 20
729 239 235 212 91 20
729 240 235 212 91 20
728 241 235 212 91 20
728 242 235 212 91 20
727 242 235 212 91 20
727 243 235 212 91 20
727 244 235 212 91 20
645 467
21
7
789 299 235 212 91 20
790 298 235 212 91 20
791 297 235 212 91 20
794 296 235 212 91 20
795 295 235 212 91 20
798 294 235 212 91 20
800 293 235 212 91 20
802 293 235 212 91 20
805 292 235 212 91 20
806 292 235 212 91 20
806 291 235 212 91 20
808 291 235 212 91 20
809 291 235 212 91 20
810 291 235 212 91 20
812 290 235 212 91 20
815 290 235 212 91 20
817 289 235 212 91 20
819 289 235 212 91 20
822 289 235 212 91 20
823 289 235 212 91 20
832 285 235 212 91 20
541 364
8
7
793 364 235 212 91 20
794 366 235 212 91 20
794 367 235 212 91 20
795 368 235 212 91 20
796 370 235 212 91 20
796 371 235 212 91 20
802 378 235 212 91 20
809 384 235 212 91 20
587 202
23
7
682 403 235 212 91 20
682 404 235 212 91 20
682 405 235 212 91 20
682 406 235 212 91 20
682 408 235 212 91 20
682 410 235 212 91 20
682 412 235 212 91 20
682 413 235 212 91 20
682 416 235 212 91 20
682 417 235 212 91 20
682 419 235 212 91 20
682 420 235 212 91 20
682 426 235 212 91 20
682 427 235 212 91 20
682 428 235 212 91 20
682 430 235 212 91 20
682 431 235 212 91 20
682 432 235 212 91 20
682 433 235 212 91 20
682 434 235 212 91 20
682 435 235 212 91 20
682 436 235 212 91 20
682 437 235 212 91 20
739 142
32
7
584 372 235 212 91 20
582 372 235 212 91 20
574 379 235 212 91 20
566 385 235 212 91 20
565 387 235 212 91 20
564 387 235 212 91 20
563 388 235 212 91 20
562 389 235 212 91 20
561 389 235 212 91 20
561 390 235 212 91 20
560 390 235 212 91 20
559 391 235 212 91 20
557 392 235 212 91 20
557 393 235 212 91 20
555 394 235 212 91 20
555 395 235 212 91 20
554 396 235 212 91 20
553 398 235 212 91 20
552 398 235 212 91 20
552 399 235 212 91 20
551 399 235 212 91 20
551 400 235 212 91 20
550 400 235 212 91 20
549 401 235 212 91 20
548 402 235 212 91 20
548 403 235 212 91 20
547 403 235 212 91 20
547 404 235 212 91 20
546 405 235 212 91 20
546 406 235 212 91 20
545 407 235 212 91 20
545 408 235 212 91 20
904 245
